-74.2736,-75.3473,-17
-72.7677,-75.3461,-17.0001
-71.2627,-75.3443,-17.0003
-69.7588,-75.3429,-17.0006
-68.256,-75.3429,-17.0005
-66.7531,-75.3439,-17.0002
-65.25,-75.3442,-17
-63.75,-75.3442,-17
-62.25,-75.3442,-17
-60.75,-75.3442,-17
-59.25,-75.3442,-17
-57.75,-75.3442,-17
-56.258,-75.2859,-16.9754
-54.7838,-75.1694,-16.8514
-53.3211,-75.0611,-16.6739
-51.8597,-74.967,-16.5004
-50.3948,-74.886,-16.3841
-48.9279,-74.8173,-16.3586
-47.4645,-74.761,-16.4348
-46.0097,-74.7185,-16.6042
-44.5639,-74.6911,-16.8397
-43.1213,-74.6784,-17.0982
-41.6729,-74.6773,-17.3286
-40.2129,-74.6829,-17.4838
-38.7435,-74.6914,-17.5346
-37.2715,-74.7023,-17.4811
-35.8009,-74.7171,-17.3553
-34.3289,-74.7359,-17.2104
-32.8508,-74.757,-17.0984
-31.3661,-74.7783,-17.0482
-29.8773,-74.7992,-17.0559
-28.3859,-74.8202,-17.0944
-26.8918,-74.8407,-17.1316
-25.3948,-74.8601,-17.1469
-23.8956,-74.8785,-17.1359
-22.3948,-74.8962,-17.1055
-20.8926,-74.9135,-17.0669
-19.3889,-74.9308,-17.0302
-17.8838,-74.948,-17.0013
-16.3776,-74.9652,-16.9829
-14.8703,-74.9824,-16.9746
-13.3621,-74.9996,-16.9743
-11.8533,-75.0167,-16.9793
-10.3438,-75.0336,-16.9866
-8.83386,-75.0502,-16.9939
-7.32346,-75.0665,-16.9999
-5.81271,-75.0824,-17.0037
-4.3017,-75.0978,-17.0055
-2.79048,-75.1127,-17.0057
-1.27914,-75.1271,-17.0049
0.232266,-75.1408,-17.0037
1.74369,-75.154,-17.0024
3.2551,-75.1665,-17.0014
4.76643,-75.1785,-17.0006
6.27768,-75.1898,-17.0002
7.78881,-75.2005,-17
9.2998,-75.2106,-16.9999
10.8107,-75.2202,-16.9999
12.3214,-75.2292,-16.9999
13.8319,-75.2377,-17
15.3423,-75.2456,-17
16.8526,-75.2531,-17
18.3627,-75.2601,-17
19.8727,-75.2667,-17
21.3826,-75.2728,-17
22.8924,-75.2785,-17
24.4021,-75.2839,-17
25.9117,-75.2888,-17
27.4213,-75.2934,-17
28.9309,-75.2977,-17
30.4404,-75.3016,-17
31.9499,-75.3053,-17
33.4594,-75.3086,-17
34.9689,-75.3117,-17
36.4784,-75.3145,-17
37.9879,-75.317,-17
39.4975,-75.3194,-17
41.0071,-75.3215,-17
42.5167,-75.3234,-17
44.0263,-75.3252,-17
45.536,-75.3267,-17
47.0457,-75.3281,-17
48.5555,-75.3294,-17
50.0652,-75.3305,-17
51.575,-75.3315,-17
53.0849,-75.3324,-17
54.5947,-75.3331,-17
56.1046,-75.3338,-17
57.6144,-75.3345,-17
59.1243,-75.3351,-17
60.6341,-75.3356,-17
62.1439,-75.3362,-17
63.6537,-75.3368,-17
65.1633,-75.3374,-17
66.6728,-75.3383,-17
68.182,-75.3392,-17
69.6911,-75.3403,-17
71.1997,-75.3413,-17
72.7075,-75.343,-17
74.2149,-75.3452,-17
75.722,-75.347,-16.9999
-75.0217,-74.0484,-16.9999
-73.516,-74.0476,-17
-72.0107,-74.0454,-17.0004
-70.5065,-74.0426,-17.0011
-69.004,-74.0408,-17.0016
-67.5028,-74.0424,-17.0012
-66,-74.0452,-17
-64.5,-74.0452,-17
-63,-74.0452,-17
-61.5,-74.0452,-17
-60,-74.0452,-17
-58.5,-74.0452,-17
-57.0219,-73.915,-16.9513
-55.5584,-73.7918,-16.8049
-54.1002,-73.6861,-16.6061
-52.6404,-73.5939,-16.4265
-51.1751,-73.5152,-16.3269
-49.7088,-73.4503,-16.3444
-48.2505,-73.3999,-16.4856
-46.8057,-73.366,-16.7274
-45.37,-73.349,-17.0223
-43.9313,-73.3461,-17.3076
-42.4789,-73.3515,-17.5203
-41.0122,-73.36,-17.6145
-39.5407,-73.3706,-17.5775
-38.0726,-73.3855,-17.438
-36.606,-73.406,-17.2573
-35.1331,-73.4297,-17.1052
-33.651,-73.4533,-17.0288
-32.1635,-73.4761,-17.0331
-30.6735,-73.4991,-17.0865
-29.1806,-73.5217,-17.1452
-27.6841,-73.543,-17.177
-26.1847,-73.5626,-17.1724
-24.6836,-73.5809,-17.1396
-23.1809,-73.5987,-17.0936
-21.6767,-73.6162,-17.0478
-20.1708,-73.6336,-17.011
-18.6636,-73.651,-16.9865
-17.1552,-73.6683,-16.9744
-15.6459,-73.6856,-16.9723
-14.1358,-73.7028,-16.977
-12.6252,-73.7199,-16.9851
-11.114,-73.7367,-16.9937
-9.6024,-73.7532,-17.0009
-8.09046,-73.7693,-17.0058
-6.57826,-73.7849,-17.0081
-5.0659,-73.8001,-17.0084
-3.55343,-73.8146,-17.0074
-2.04092,-73.8286,-17.0056
-0.528436,-73.842,-17.0038
0.98399,-73.8548,-17.0023
2.49631,-73.8669,-17.0012
4.00851,-73.8785,-17.0005
5.52054,-73.8894,-17.0001
7.03241,-73.8998,-16.9999
8.54408,-73.9096,-16.9999
10.0556,-73.9188,-16.9999
11.5669,-73.9276,-16.9999
13.078,-73.9358,-17
14.5889,-73.9435,-17
16.0997,-73.9508,-17
17.6103,-73.9577,-17
19.1208,-73.9641,-17
20.6311,-73.9702,-17
22.1413,-73.9758,-17
23.6515,-73.9811,-17
25.1615,-73.986,-17
26.6715,-73.9907,-17
28.1815,-73.995,-17
29.6914,-73.9989,-17
31.2013,-74.0026,-17
32.7111,-74.0061,-17
34.221,-74.0092,-17
35.7308,-74.0121,-17
37.2407,-74.0148,-17
38.7506,-74.0173,-17
40.2605,-74.0195,-17
41.7704,-74.0216,-17
43.2804,-74.0234,-17
44.7904,-74.0251,-17
46.3004,-74.0267,-17
47.8104,-74.028,-17
49.3205,-74.0293,-17
50.8306,-74.0304,-17
52.3407,-74.0314,-17
53.8509,-74.0323,-17
55.3611,-74.0331,-17
56.8713,-74.0339,-17
58.3816,-74.0346,-17
59.8918,-74.0353,-17
61.4021,-74.036,-17
62.9123,-74.0367,-17
64.4224,-74.0375,-17
65.9323,-74.0385,-17
67.4421,-74.0398,-17
68.9517,-74.041,-17
70.4609,-74.0417,-17
71.9685,-74.0441,-17
73.476,-74.0473,-16.9999
74.9819,-74.0481,-16.9999
-74.2632,-72.7489,-16.9999
-72.7586,-72.7476,-17.0002
-71.2538,-72.7439,-17.0012
-69.7505,-72.7394,-17.003
-68.2496,-72.7374,-17.0034
-66.7513,-72.7429,-17.002
-65.25,-72.7461,-17
-63.75,-72.7461,-17
-62.25,-72.7461,-17
-60.75,-72.7461,-17
-59.25,-72.7461,-17
-57.75,-72.7461,-17
-56.2627,-72.6712,-17.0108
-54.8011,-72.5272,-16.927
-53.3394,-72.4134,-16.7572
-51.8827,-72.3105,-16.5444
-50.4225,-72.22,-16.3701
-48.9559,-72.1443,-16.3053
-47.4923,-72.0848,-16.3863
-46.044,-72.0433,-16.6066
-44.6123,-72.0212,-16.921
-43.1842,-72.0159,-17.2568
-41.7418,-72.0209,-17.5326
-40.2793,-72.0293,-17.681
-38.8077,-72.0389,-17.6708
-37.3412,-72.0534,-17.5228
-35.8807,-72.0755,-17.3055
-34.4144,-72.1023,-17.108
-32.9357,-72.1284,-16.9993
-31.4495,-72.153,-16.9974
-29.9614,-72.178,-17.0684
-28.4706,-72.2033,-17.1547
-26.9751,-72.2271,-17.2095
-25.4757,-72.2482,-17.2156
-23.9743,-72.2674,-17.1817
-22.4713,-72.2856,-17.1276
-20.9665,-72.3034,-17.0717
-19.4599,-72.321,-17.0257
-17.9516,-72.3385,-16.9942
-16.442,-72.3558,-16.9774
-14.9315,-72.3731,-16.9728
-13.4201,-72.3904,-16.9767
-11.9082,-72.4075,-16.9851
-10.3957,-72.4245,-16.9948
-8.88285,-72.4411,-17.0031
-7.36963,-72.4574,-17.0089
-5.85618,-72.4732,-17.0117
-4.34258,-72.4884,-17.0121
-2.82891,-72.5032,-17.0106
-1.31524,-72.5173,-17.0083
0.198369,-72.5309,-17.0058
1.71188,-72.5438,-17.0037
3.22524,-72.5562,-17.002
4.73842,-72.5679,-17.0009
6.2514,-72.579,-17.0003
7.76417,-72.5895,-17
9.27671,-72.5995,-16.9999
10.789,-72.6089,-16.9999
12.3011,-72.6179,-16.9999
13.8129,-72.6263,-17
15.3246,-72.6343,-17
16.836,-72.6418,-17
18.3473,-72.6489,-17
19.8583,-72.6556,-17
21.3692,-72.662,-17
22.88,-72.6679,-17
24.3907,-72.6735,-17
25.9012,-72.6788,-17
27.4116,-72.6837,-17
28.922,-72.6883,-17
30.4323,-72.6927,-17
31.9426,-72.6967,-17
33.4528,-72.7005,-17
34.9631,-72.704,-17
36.4733,-72.7072,-17
37.9835,-72.7102,-17
39.4937,-72.713,-17
41.0039,-72.7156,-17
42.5141,-72.7179,-17
44.0243,-72.7201,-17
45.5346,-72.7221,-17
47.0449,-72.7239,-17
48.5552,-72.7256,-17
50.0656,-72.7271,-17
51.5759,-72.7284,-17
53.0864,-72.7297,-17
54.5968,-72.7308,-17
56.1073,-72.7318,-17
57.6179,-72.7328,-17
59.1285,-72.7337,-17
60.6392,-72.7345,-17
62.15,-72.7353,-17
63.6608,-72.7362,-17
65.1716,-72.7371,-17
66.6824,-72.7381,-17
68.1931,-72.7394,-17
69.7036,-72.741,-17
71.2141,-72.7422,-17
72.75,-72.7461,-17
74.25,-72.7461,-17
75.75,-72.7461,-17
-75,-71.4471,-17
-73.5,-71.4471,-17
-72,-71.4471,-17
-70.4959,-71.441,-17.0031
-68.9924,-71.4345,-17.0065
-67.4898,-71.4325,-17.0087
-65.9895,-71.4337,-17.009
-64.4904,-71.4327,-17.0075
-62.992,-71.4305,-17.0046
-61.4947,-71.4271,-17.0004
-59.9995,-71.4213,-16.9972
-58.5089,-71.409,-17.0015
-57.0327,-71.3625,-17.012
-55.5633,-71.262,-16.999
-54.089,-71.1459,-16.8979
-52.6247,-71.0369,-16.7101
-51.1672,-70.9349,-16.4956
-49.7052,-70.8458,-16.3461
-48.2386,-70.7744,-16.3369
-46.7819,-70.7235,-16.4952
-45.3471,-70.6945,-16.7943
-43.9269,-70.6857,-17.163
-42.4983,-70.6905,-17.5048
-41.0444,-70.6997,-17.7244
-39.5727,-70.7087,-17.7607
-38.1056,-70.7219,-17.6162
-36.6511,-70.7449,-17.3618
-35.194,-70.7752,-17.1091
-33.72,-70.8043,-16.9572
-32.2347,-70.8302,-16.9444
-30.7486,-70.8569,-17.0365
-29.261,-70.8854,-17.1592
-27.7675,-70.9124,-17.2462
-26.2684,-70.9356,-17.2694
-24.7667,-70.9557,-17.2371
-23.2633,-70.9745,-17.175
-21.7581,-70.9926,-17.1077
-20.2508,-71.0104,-17.0506
-18.7416,-71.0279,-17.0102
-17.2308,-71.0452,-16.9871
-15.7189,-71.0624,-16.9784
-14.2062,-71.0796,-16.9801
-12.6929,-71.0968,-16.9879
-11.1791,-71.1137,-16.9979
-9.66481,-71.1304,-17.007
-8.15023,-71.1467,-17.0135
-6.63543,-71.1626,-17.0167
-5.12052,-71.178,-17.017
-3.60557,-71.1928,-17.0151
-2.09067,-71.2071,-17.0121
-0.575875,-71.2207,-17.0088
0.938768,-71.2338,-17.0058
2.45322,-71.2462,-17.0034
3.96744,-71.258,-17.0018
5.48141,-71.2692,-17.0008
6.99511,-71.2799,-17.0002
8.50854,-71.29,-17
10.0217,-71.2996,-16.9999
11.5346,-71.3087,-16.9999
13.0472,-71.3173,-17
14.5596,-71.3254,-17
16.0717,-71.3332,-17
17.5836,-71.3405,-17
19.0952,-71.3474,-17
20.6067,-71.354,-17
22.1181,-71.3602,-17
23.6292,-71.3661,-17
25.1403,-71.3716,-17
26.6512,-71.3768,-17
28.162,-71.3818,-17
29.6728,-71.3864,-17
31.1834,-71.3908,-17
32.6941,-71.3949,-17
34.2047,-71.3987,-17
35.7152,-71.4023,-17
37.2258,-71.4056,-17
38.7363,-71.4087,-17
40.2468,-71.4116,-17
41.7573,-71.4143,-17
43.2679,-71.4168,-17
44.7784,-71.419,-17
46.289,-71.4211,-17
47.7996,-71.4231,-17
49.3102,-71.4248,-17
50.8209,-71.4265,-17
52.3316,-71.428,-17
53.8424,-71.4293,-17
55.3532,-71.4306,-17
56.8641,-71.4318,-17
58.375,-71.4328,-17
59.8861,-71.4339,-17
61.3973,-71.4349,-17
62.9087,-71.4359,-17
64.4203,-71.4369,-17
65.9324,-71.4381,-17
67.445,-71.4394,-17
68.959,-71.4411,-17
70.4758,-71.4432,-17
72,-71.4471,-17
73.5,-71.4471,-17
75,-71.4471,-17
-74.25,-70.1481,-17
-72.75,-70.1481,-17
-71.25,-70.1481,-17
-69.7417,-70.136,-17.0072
-68.2361,-70.1287,-17.0131
-66.7332,-70.1245,-17.0169
-65.2335,-70.1213,-17.0178
-63.736,-70.1169,-17.0151
-62.2409,-70.1108,-17.0086
-60.7492,-70.1016,-16.9992
-59.2626,-70.085,-16.9915
-57.785,-70.0475,-16.9963
-56.3145,-69.9764,-17.014
-54.8406,-69.8793,-16.9982
-53.3675,-69.7716,-16.8861
-51.9065,-69.6626,-16.6851
-50.451,-69.5593,-16.4758
-48.9884,-69.4723,-16.3644
-47.5248,-69.4086,-16.4246
-46.0797,-69.3706,-16.6663
-44.6599,-69.357,-17.0355
-43.245,-69.3609,-17.4309
-41.805,-69.3714,-17.731
-40.3358,-69.3806,-17.8363
-38.8654,-69.3921,-17.716
-37.4151,-69.4151,-17.4337
-35.9692,-69.4488,-17.1207
-34.5022,-69.4812,-16.9126
-33.0178,-69.508,-16.8782
-31.5334,-69.5357,-16.99
-30.0506,-69.5679,-17.1573
-28.5607,-69.5992,-17.2881
-27.0624,-69.6251,-17.3364
-25.5603,-69.6465,-17.308
-24.0568,-69.6658,-17.2362
-22.5513,-69.6842,-17.1545
-21.0435,-69.7021,-17.084
-19.5333,-69.7195,-17.0333
-18.0213,-69.7367,-17.0028
-16.5081,-69.7538,-16.9892
-14.994,-69.7708,-16.9881
-13.4793,-69.7878,-16.9944
-11.964,-69.8047,-17.004
-10.4483,-69.8213,-17.0132
-8.93223,-69.8376,-17.02
-7.41601,-69.8535,-17.0233
-5.8997,-69.8688,-17.0233
-4.3834,-69.8837,-17.0208
-2.8672,-69.8979,-17.0168
-1.35115,-69.9116,-17.0124
0.164693,-69.9247,-17.0084
1.68028,-69.9371,-17.0051
3.19559,-69.949,-17.0028
4.71059,-69.9603,-17.0013
6.22527,-69.971,-17.0005
7.73962,-69.9811,-17.0001
9.25365,-69.9908,-17
10.7674,-70,-16.9999
12.2808,-70.0087,-17
13.7939,-70.017,-17
15.3067,-70.0249,-17
16.8192,-70.0323,-17
18.3315,-70.0395,-17
19.8436,-70.0462,-17
21.3555,-70.0527,-17
22.8672,-70.0588,-17
24.3788,-70.0646,-17
25.8902,-70.0701,-17
27.4015,-70.0753,-17
28.9127,-70.0803,-17
30.4238,-70.0849,-17
31.9348,-70.0893,-17
33.4458,-70.0935,-17
34.9567,-70.0974,-17
36.4676,-70.101,-17
37.9785,-70.1045,-17
39.4893,-70.1077,-17
41.0002,-70.1106,-17
42.511,-70.1134,-17
44.0219,-70.116,-17
45.5327,-70.1184,-17
47.0436,-70.1206,-17
48.5545,-70.1226,-17
50.0655,-70.1245,-17
51.5764,-70.1262,-17
53.0875,-70.1278,-17
54.5986,-70.1293,-17
56.1097,-70.1307,-17
57.621,-70.1321,-17
59.1324,-70.1333,-17
60.644,-70.1345,-17
62.1557,-70.1357,-17
63.6678,-70.137,-17
65.1802,-70.1384,-17
66.6933,-70.14,-17
68.2071,-70.1419,-17
69.722,-70.1445,-17
71.2377,-70.1479,-17
72.75,-70.1481,-17
74.25,-70.1481,-17
75.75,-70.1481,-17
-75,-68.849,-17
-73.5,-68.849,-17
-72,-68.849,-17
-70.4933,-68.8419,-17.0054
-68.9863,-68.8299,-17.0134
-67.4814,-68.8208,-17.0214
-65.9798,-68.8134,-17.0266
-64.4817,-68.8062,-17.0276
-62.9874,-68.7976,-17.0234
-61.4973,-68.786,-17.0126
-60.0125,-68.7682,-16.9954
-58.5344,-68.7367,-16.9803
-57.0618,-68.6822,-16.9877
-55.5903,-68.6034,-17.0149
-54.1165,-68.5068,-16.9957
-52.6481,-68.3988,-16.8701
-51.1925,-68.2866,-16.6646
-49.7379,-68.1828,-16.4845
-48.2755,-68.1017,-16.4412
-46.821,-68.0511,-16.5938
-45.394,-68.0311,-16.9239
-43.9864,-68.034,-17.3411
-42.5615,-68.0461,-17.7081
-41.098,-68.0556,-17.8853
-39.624,-68.0653,-17.7988
-38.1764,-68.0887,-17.4956
-36.7425,-68.1263,-17.1256
-35.2829,-68.1609,-16.8634
-33.7981,-68.1864,-16.8108
-32.3156,-68.2147,-16.9483
-30.8396,-68.2518,-17.1668
-29.3548,-68.2886,-17.3456
-27.8575,-68.3174,-17.4193
-26.355,-68.3397,-17.3916
-24.8514,-68.3594,-17.3056
-23.3461,-68.3783,-17.2061
-21.8377,-68.3963,-17.1209
-20.3266,-68.4137,-17.0602
-18.8135,-68.4306,-17.0235
-17.2989,-68.4474,-17.0062
-15.7834,-68.4641,-17.0025
-14.2672,-68.4809,-17.0071
-12.7504,-68.4975,-17.0155
-11.2331,-68.514,-17.0238
-9.71559,-68.5301,-17.0298
-8.19786,-68.5459,-17.0322
-6.68008,-68.5612,-17.0311
-5.16236,-68.5759,-17.0273
-3.64478,-68.5901,-17.022
-2.12741,-68.6037,-17.0162
-0.610318,-68.6167,-17.011
0.906465,-68.6291,-17.0068
2.4229,-68.6409,-17.0038
3.93897,-68.6522,-17.0018
5.45467,-68.6628,-17.0007
6.96998,-68.673,-17.0002
8.48491,-68.6827,-17
9.99946,-68.6919,-16.9999
11.5137,-68.7006,-17
13.0275,-68.709,-17
14.5411,-68.717,-17
16.0543,-68.7246,-17
17.5672,-68.7318,-17
19.0799,-68.7388,-17
20.5924,-68.7454,-17
22.1047,-68.7517,-17
23.6167,-68.7578,-17
25.1286,-68.7635,-17
26.6404,-68.769,-17
28.152,-68.7742,-17
29.6636,-68.7792,-17
31.175,-68.7839,-17
32.6864,-68.7883,-17
34.1977,-68.7925,-17
35.709,-68.7965,-17
37.2202,-68.8002,-17
38.7314,-68.8037,-17
40.2426,-68.807,-17
41.7537,-68.8101,-17
43.2649,-68.8129,-17
44.776,-68.8156,-17
46.2872,-68.8181,-17
47.7984,-68.8204,-17
49.3096,-68.8225,-17
50.8209,-68.8245,-17
52.3322,-68.8264,-17
53.8435,-68.8281,-17
55.355,-68.8297,-17
56.8665,-68.8313,-17
58.3781,-68.8327,-17
59.8899,-68.8342,-17
61.4019,-68.8356,-17
62.9142,-68.8371,-17
64.4268,-68.8387,-17
65.9399,-68.8405,-17
67.4536,-68.8425,-17
68.968,-68.845,-17
70.4834,-68.8478,-17
72,-68.849,-17
73.5,-68.849,-17
75,-68.849,-17
-74.25,-67.55,-17
-72.75,-67.55,-17
-71.25,-67.55,-17
-69.74,-67.5351,-17.0096
-68.2328,-67.5219,-17.0196
-66.7291,-67.5103,-17.0289
-65.2293,-67.4994,-17.0355
-63.7341,-67.488,-17.0373
-62.244,-67.4744,-17.0322
-60.7595,-67.4561,-17.0159
-59.2814,-67.4288,-16.9856
-57.8084,-67.3862,-16.9591
-56.3375,-67.3229,-16.98
-54.8672,-67.239,-17.0313
-53.3964,-67.1391,-17.0117
-51.9348,-67.0255,-16.8705
-50.4842,-66.9088,-16.6728
-49.0293,-66.8074,-16.5442
-47.5708,-66.7382,-16.5908
-46.1316,-66.7072,-16.8414
-44.722,-66.7079,-17.2396
-43.3111,-66.7229,-17.6509
-41.8586,-66.7344,-17.9
-40.3819,-66.7428,-17.8638
-38.9343,-66.7664,-17.554
-37.512,-66.8081,-17.136
-36.0604,-66.8439,-16.8243
-34.5748,-66.8664,-16.7554
-33.0942,-66.8948,-16.9197
-31.6268,-66.9379,-17.1908
-30.149,-66.9812,-17.4192
-28.6529,-67.0128,-17.5184
-27.1498,-67.0355,-17.4894
-25.6465,-67.0557,-17.3857
-24.1415,-67.0751,-17.265
-22.6331,-67.0935,-17.1632
-21.1212,-67.1107,-17.0923
-19.6069,-67.1273,-17.0501
-18.0911,-67.1436,-17.0296
-16.5742,-67.1599,-17.0235
-15.0565,-67.1762,-17.026
-13.5382,-67.1925,-17.0322
-12.0194,-67.2087,-17.0385
-10.5002,-67.2245,-17.0425
-8.98094,-67.2401,-17.043
-7.46162,-67.2551,-17.0401
-5.9424,-67.2697,-17.0344
-4.42338,-67.2837,-17.0274
-2.90463,-67.2971,-17.0201
-1.38622,-67.31,-17.0135
0.131805,-67.3222,-17.0083
1.64942,-67.3339,-17.0045
3.1666,-67.345,-17.0021
4.68334,-67.3556,-17.0008
6.19964,-67.3657,-17.0001
7.71549,-67.3752,-16.9999
9.23092,-67.3844,-16.9999
10.7459,-67.3931,-17
12.2606,-67.4015,-17
13.7748,-67.4095,-17
15.2887,-67.4172,-17
16.8024,-67.4245,-17
18.3157,-67.4316,-17
19.8287,-67.4384,-17
21.3415,-67.4449,-17
22.8541,-67.4511,-17
24.3665,-67.4571,-17
25.8788,-67.4628,-17
27.3909,-67.4682,-17
28.9029,-67.4735,-17
30.4147,-67.4784,-17
31.9265,-67.4832,-17
33.4382,-67.4877,-17
34.9499,-67.4919,-17
36.4615,-67.496,-17
37.973,-67.4998,-17
39.4845,-67.5033,-17
40.996,-67.5067,-17
42.5075,-67.5099,-17
44.019,-67.5128,-17
45.5304,-67.5156,-17
47.0419,-67.5182,-17
48.5534,-67.5206,-17
50.0649,-67.5228,-17
51.5765,-67.5249,-17
53.0881,-67.5269,-17
54.5997,-67.5287,-17
56.1115,-67.5305,-17
57.6233,-67.5322,-17
59.1353,-67.5338,-17
60.6475,-67.5355,-17
62.1599,-67.5371,-17
63.6726,-67.5389,-17
65.1856,-67.5408,-17
66.6989,-67.5429,-17
68.2126,-67.5453,-17
69.7264,-67.5477,-17
71.2395,-67.5495,-17
72.75,-67.55,-17
74.25,-67.55,-17
75.75,-67.55,-17
-75,-66.2509,-17
-73.5,-66.2509,-17
-72,-66.2509,-17
-70.493,-66.2428,-17.0037
-68.9856,-66.2269,-17.0113
-67.4802,-66.2119,-17.0218
-65.9785,-66.1974,-17.0325
-64.4814,-66.1829,-17.0408
-62.9897,-66.167,-17.0443
-61.504,-66.1479,-17.039
-60.0248,-66.123,-17.013
-58.5523,-66.0886,-16.9578
-57.0828,-66.0401,-16.9194
-55.6158,-65.9698,-16.9835
-54.1507,-65.8794,-17.0733
-52.6849,-65.7733,-17.0576
-51.2314,-65.6505,-16.898
-49.7829,-65.5311,-16.7324
-48.328,-65.4379,-16.6806
-46.8793,-65.3887,-16.8287
-45.4586,-65.3825,-17.1617
-44.054,-65.4007,-17.5757
-42.6156,-65.4167,-17.8805
-41.1409,-65.4253,-17.8996
-39.6935,-65.4509,-17.5927
-38.2798,-65.4963,-17.1451
-36.8347,-65.5319,-16.7973
-35.3475,-65.5494,-16.721
-33.8696,-65.5778,-16.9162
-32.4125,-65.6281,-17.238
-30.9424,-65.6779,-17.5111
-29.4475,-65.7111,-17.6305
-27.9437,-65.7336,-17.5952
-26.4411,-65.7543,-17.4695
-24.9372,-65.7747,-17.3247
-23.429,-65.7936,-17.2052
-21.9166,-65.8108,-17.1248
-20.4014,-65.8269,-17.0788
-18.8844,-65.8426,-17.0568
-17.3662,-65.8583,-17.0494
-15.847,-65.8741,-17.0498
-14.3272,-65.8899,-17.0533
-12.8068,-65.9055,-17.0566
-11.2861,-65.921,-17.0576
-9.76514,-65.9362,-17.0552
-8.24422,-65.9509,-17.0495
-6.72345,-65.9652,-17.0415
-5.20293,-65.9789,-17.0323
-3.68275,-65.9921,-17.0232
-2.16297,-66.0046,-17.0152
-0.643648,-66.0166,-17.009
0.87519,-66.028,-17.0046
2.39352,-66.0389,-17.0018
3.91134,-66.0493,-17.0004
5.42864,-66.0592,-16.9998
6.94545,-66.0686,-16.9996
8.46177,-66.0776,-16.9997
9.97762,-66.0863,-16.9999
11.493,-66.0946,-17
13.008,-66.1026,-17
14.5227,-66.1102,-17.0001
16.0369,-66.1176,-17.0001
17.5509,-66.1247,-17
19.0645,-66.1316,-17
20.5779,-66.1382,-17
22.091,-66.1446,-17
23.6039,-66.1508,-17
25.1167,-66.1567,-17
26.6292,-66.1624,-17
28.1417,-66.1679,-17
29.654,-66.1731,-17
31.1662,-66.1781,-17
32.6783,-66.1829,-17
34.1903,-66.1874,-17
35.7023,-66.1918,-17
37.2142,-66.1959,-17
38.726,-66.1997,-17
40.2379,-66.2034,-17
41.7497,-66.2068,-17
43.2615,-66.21,-17
44.7732,-66.2131,-17
46.285,-66.2159,-17
47.7968,-66.2186,-17
49.3085,-66.2211,-17
50.8203,-66.2234,-17
52.3322,-66.2256,-17
53.8441,-66.2277,-17
55.3561,-66.2297,-17
56.8681,-66.2316,-17
58.3803,-66.2334,-17
59.8926,-66.2352,-17
61.4051,-66.2371,-17
62.9177,-66.239,-17
64.4306,-66.2409,-17
65.9438,-66.2431,-17
67.4572,-66.2454,-17
68.9708,-66.2477,-17
70.4848,-66.2497,-17
72,-66.2509,-17
73.5,-66.2509,-17
75,-66.2509,-17
-74.25,-64.9519,-17
-72.75,-64.9519,-17
-71.25,-64.9519,-17
-69.7403,-64.9348,-17.0008
-68.233,-64.9175,-17.0066
-66.729,-64.9002,-17.017
-65.2293,-64.8826,-17.0286
-63.735,-64.8642,-17.038
-62.2468,-64.8438,-17.0433
-60.7649,-64.8198,-17.0355
-59.2901,-64.7901,-16.9875
-57.8232,-64.753,-16.8876
-56.357,-64.7021,-16.8439
-54.9036,-64.6203,-17.0207
-53.4465,-64.5217,-17.1493
-51.9856,-64.4097,-17.1505
-50.5391,-64.276,-16.9807
-49.0895,-64.16,-16.878
-47.6378,-64.0837,-16.92
-46.2041,-64.0614,-17.1582
-44.793,-64.0776,-17.5184
-43.3675,-64.1012,-17.8448
-41.9001,-64.1121,-17.8961
-40.4537,-64.1416,-17.6136
-39.0499,-64.1932,-17.1452
-37.6083,-64.2271,-16.7789
-36.1172,-64.2383,-16.7179
-34.6433,-64.2677,-16.9495
-33.1969,-64.3248,-17.3142
-31.7338,-64.3786,-17.6192
-30.2394,-64.4111,-17.7464
-28.7354,-64.4328,-17.6964
-27.2344,-64.4547,-17.5443
-25.7325,-64.477,-17.3737
-24.2252,-64.4969,-17.2367
-22.7125,-64.514,-17.1486
-21.1965,-64.5295,-17.1016
-19.6785,-64.5445,-17.0809
-18.1591,-64.5594,-17.0744
-16.6386,-64.5745,-17.0741
-15.1173,-64.5896,-17.0754
-13.5953,-64.6047,-17.0755
-12.0729,-64.6196,-17.0729
-10.5504,-64.6343,-17.0669
-9.02781,-64.6486,-17.0579
-7.50543,-64.6625,-17.047
-5.98336,-64.6758,-17.0354
-4.46169,-64.6886,-17.0245
-2.9405,-64.7008,-17.0152
-1.41983,-64.7124,-17.0082
0.100265,-64.7235,-17.0034
1.61978,-64.734,-17.0005
3.13871,-64.7441,-16.9992
4.65705,-64.7537,-16.9988
6.17482,-64.7628,-16.999
7.69205,-64.7717,-16.9993
9.20875,-64.7801,-16.9996
10.725,-64.7883,-16.9999
12.2407,-64.7961,-17
13.756,-64.8038,-17.0001
15.271,-64.8111,-17.0001
16.7855,-64.8183,-17.0001
18.2998,-64.8252,-17
19.8137,-64.8319,-17
21.3274,-64.8384,-17
22.8408,-64.8447,-17
24.3541,-64.8508,-17
25.8671,-64.8567,-17
27.38,-64.8624,-17
28.8927,-64.8678,-17
30.4054,-64.8731,-17
31.9179,-64.8782,-17
33.4303,-64.883,-17
34.9426,-64.8876,-17
36.4549,-64.892,-17
37.9671,-64.8961,-17
39.4793,-64.9001,-17
40.9914,-64.9038,-17
42.5035,-64.9073,-17
44.0156,-64.9106,-17
45.5277,-64.9137,-17
47.0397,-64.9166,-17
48.5518,-64.9194,-17
50.0639,-64.9219,-17
51.5759,-64.9244,-17
53.0881,-64.9267,-17
54.6002,-64.9289,-17
56.1125,-64.9309,-17
57.6248,-64.933,-17
59.1372,-64.9349,-17
60.6498,-64.9369,-17
62.1625,-64.9389,-17
63.6753,-64.941,-17
65.1883,-64.9431,-17
66.7015,-64.9454,-17
68.2146,-64.9476,-17
69.7277,-64.9496,-17
71.2401,-64.9513,-17
72.75,-64.9519,-17
74.25,-64.9519,-17
75.75,-64.9519,-17
-75,-63.6529,-17
-73.5,-63.6529,-17
-72,-63.6529,-17
-70.4936,-63.6442,-16.9939
-68.9863,-63.6262,-16.9909
-67.4805,-63.6072,-16.9943
-65.978,-63.5874,-17.0038
-64.4804,-63.5666,-17.0139
-62.9886,-63.5445,-17.0216
-61.5032,-63.5205,-17.0253
-60.024,-63.4932,-17.0051
-58.5531,-63.462,-16.9091
-57.0927,-63.428,-16.7461
-55.6264,-63.376,-16.7311
-54.2109,-63.2711,-17.1004
-52.7598,-63.1673,-17.2764
-51.3015,-63.0503,-17.302
-49.8558,-62.9109,-17.1615
-48.405,-62.8078,-17.1436
-46.9613,-62.757,-17.2778
-45.5355,-62.7577,-17.5428
-44.1132,-62.7853,-17.8395
-42.6553,-62.8015,-17.8776
-41.2077,-62.8319,-17.6407
-39.8384,-62.9051,-17.1008
-38.3793,-62.927,-16.8021
-36.8863,-62.9391,-16.7685
-35.4167,-62.9695,-17.0257
-33.9809,-63.031,-17.4242
-32.5217,-63.0825,-17.7398
-31.0265,-63.1108,-17.8536
-29.5234,-63.132,-17.7759
-28.0257,-63.1568,-17.592
-26.5271,-63.1824,-17.3947
-25.0212,-63.2038,-17.242
-23.5086,-63.2208,-17.1494
-21.9921,-63.2354,-17.1053
-20.4733,-63.2493,-17.0902
-18.9529,-63.2633,-17.0882
-17.4311,-63.2775,-17.0902
-15.9083,-63.2918,-17.0913
-14.3848,-63.3063,-17.0894
-12.8607,-63.3206,-17.0838
-11.3365,-63.3347,-17.0745
-9.81225,-63.3485,-17.0623
-8.28823,-63.3618,-17.0485
-6.76457,-63.3746,-17.0348
-5.24137,-63.3869,-17.0223
-3.71873,-63.3986,-17.0121
-2.19668,-63.4097,-17.0047
-0.675288,-63.4203,-17
0.845441,-63.4304,-16.9975
2.3655,-63.44,-16.9967
3.8849,-63.4492,-16.9969
5.40366,-63.458,-16.9976
6.9218,-63.4665,-16.9984
8.43937,-63.4747,-16.9991
9.95638,-63.4826,-16.9996
11.4729,-63.4903,-16.9999
12.9889,-63.4978,-17.0001
14.5045,-63.5051,-17.0001
16.0197,-63.5122,-17.0001
17.5346,-63.5191,-17.0001
19.0491,-63.5258,-17
20.5633,-63.5324,-17
22.0772,-63.5388,-17
23.591,-63.545,-17
25.1045,-63.5511,-17
26.6178,-63.557,-17
28.131,-63.5627,-17
29.6441,-63.5682,-17
31.157,-63.5735,-17
32.6698,-63.5786,-17
34.1826,-63.5835,-17
35.6952,-63.5881,-17
37.2078,-63.5926,-17
38.7203,-63.5968,-17
40.2328,-63.6008,-17
41.7452,-63.6046,-17
43.2576,-63.6081,-17
44.77,-63.6115,-17
46.2823,-63.6147,-17
47.7947,-63.6177,-17
49.307,-63.6205,-17
50.8193,-63.6231,-17
52.3317,-63.6256,-17
53.844,-63.628,-17
55.3565,-63.6303,-17
56.8689,-63.6325,-17
58.3815,-63.6346,-17
59.8941,-63.6367,-17
61.4068,-63.6388,-17
62.9197,-63.641,-17
64.4326,-63.6431,-17
65.9456,-63.6453,-17
67.4587,-63.6475,-17
68.9718,-63.6496,-17
70.4853,-63.6514,-17
72,-63.6529,-17
73.5,-63.6529,-17
75,-63.6529,-17
-74.25,-62.3538,-17
-72.75,-62.3538,-17
-71.25,-62.3538,-17
-69.741,-62.3365,-16.9839
-68.2333,-62.3175,-16.9775
-66.728,-62.2966,-16.9803
-65.2265,-62.2742,-16.987
-63.7304,-62.2503,-16.991
-62.2405,-62.2255,-16.9911
-60.7569,-62.1998,-16.9837
-59.2793,-62.1724,-16.929
-57.8148,-62.1448,-16.7521
-56.3588,-62.12,-16.5309
-54.8903,-62.061,-16.6304
-53.5332,-61.9239,-17.1916
-52.0919,-61.8193,-17.4697
-50.6325,-61.6993,-17.5248
-49.1798,-61.571,-17.4742
-47.7293,-61.4895,-17.5418
-46.288,-61.4611,-17.7138
-44.853,-61.4737,-17.9302
-43.3999,-61.4871,-17.912
-41.9519,-61.5224,-17.7193
-40.6045,-61.5961,-17.1331
-39.129,-61.6391,-17.0126
-37.6519,-61.6526,-16.8486
-36.1938,-61.6902,-17.1481
-34.7681,-61.7516,-17.572
-33.3041,-61.7868,-17.8569
-31.8072,-61.8084,-17.9359
-30.307,-61.8312,-17.8172
-28.8149,-61.8619,-17.5949
-27.3209,-61.8925,-17.3704
-25.8171,-61.9158,-17.2044
-24.3048,-61.9322,-17.1111
-22.788,-61.9452,-17.0743
-21.2686,-61.9575,-17.0693
-19.7473,-61.9701,-17.0767
-18.2244,-61.9832,-17.0852
-16.7002,-61.9967,-17.0899
-15.175,-62.0103,-17.0892
-13.6493,-62.024,-17.083
-12.1234,-62.0375,-17.0721
-10.5974,-62.0506,-17.0581
-9.07174,-62.0634,-17.0426
-7.54646,-62.0756,-17.0275
-6.0217,-62.0872,-17.0143
-4.49756,-62.0982,-17.0041
-2.97411,-62.1087,-16.9971
-1.45139,-62.1187,-16.9932
0.0705742,-62.1281,-16.9918
1.59179,-62.1372,-16.9922
3.11226,-62.1458,-16.9935
4.63201,-62.1542,-16.9952
6.15109,-62.1623,-16.9969
7.66952,-62.1701,-16.9982
9.18734,-62.1777,-16.9991
10.7046,-62.1851,-16.9997
12.2213,-62.1924,-16.9999
13.7376,-62.1995,-17.0001
15.2534,-62.2065,-17.0001
16.7689,-62.2133,-17.0001
18.2839,-62.2201,-17
19.7987,-62.2267,-17
21.3132,-62.2331,-17
22.8274,-62.2395,-17
24.3414,-62.2457,-17
25.8552,-62.2518,-17
27.3689,-62.2577,-17
28.8823,-62.2634,-17
30.3957,-62.2689,-17
31.9089,-62.2742,-17
33.4221,-62.2794,-17
34.9351,-62.2843,-17
36.4481,-62.289,-17
37.9609,-62.2935,-17
39.4738,-62.2978,-17
40.9865,-62.3019,-17
42.4993,-62.3057,-17
44.0119,-62.3093,-17
45.5246,-62.3127,-17
47.0372,-62.316,-17
48.5498,-62.319,-17
50.0624,-62.3219,-17
51.5749,-62.3246,-17
53.0875,-62.3272,-17
54.6001,-62.3296,-17
56.1128,-62.332,-17
57.6254,-62.3343,-17
59.1381,-62.3365,-17
60.6509,-62.3387,-17
62.1638,-62.3409,-17
63.6767,-62.3431,-17
65.1896,-62.3453,-17
66.7025,-62.3474,-17
68.2154,-62.3495,-17
69.7282,-62.3514,-17
71.2403,-62.3531,-17
72.75,-62.3538,-17
74.25,-62.3538,-17
75.75,-62.3538,-17
-75,-61.0548,-17
-73.5,-61.0548,-17
-72,-61.0548,-17
-70.4945,-61.047,-16.9883
-68.9869,-61.0296,-16.9786
-67.4795,-61.0094,-16.9765
-65.9744,-60.9865,-16.9815
-64.4733,-60.9612,-16.9845
-62.9778,-60.9348,-16.9792
-61.4887,-60.9089,-16.9665
-60.006,-60.8848,-16.9328
-58.5315,-60.8616,-16.8103
-57.0785,-60.8412,-16.5352
-55.6162,-60.8267,-16.3108
-54.1569,-60.7553,-16.5721
-52.8543,-60.5837,-17.2697
-51.4364,-60.473,-17.6876
-49.9724,-60.3636,-17.8264
-48.5099,-60.2637,-17.8974
-47.0506,-60.2039,-18.0118
-45.5907,-60.1835,-18.1399
-44.1251,-60.18,-18.1067
-42.6698,-60.212,-17.925
-41.3268,-60.2738,-17.3187
-39.8617,-60.3606,-17.287
-38.4202,-60.3787,-16.966
-37.0007,-60.4609,-17.3953
-35.5463,-60.4713,-17.6794
-34.079,-60.4862,-17.924
-32.5812,-60.5035,-17.9709
-31.0856,-60.5323,-17.8061
-29.6015,-60.5727,-17.5426
-28.1133,-60.6098,-17.2916
-26.6122,-60.6349,-17.1145
-25.1007,-60.6499,-17.0231
-23.5838,-60.6604,-16.9965
-22.0641,-60.6702,-17.005
-20.5421,-60.6808,-17.0256
-19.0182,-60.6924,-17.0454
-17.4926,-60.7047,-17.0586
-15.9659,-60.7174,-17.0638
-14.4385,-60.7302,-17.0611
-12.9109,-60.743,-17.0522
-11.3832,-60.7554,-17.0392
-9.85582,-60.7674,-17.0243
-8.32889,-60.7788,-17.0099
-6.80254,-60.7897,-16.9977
-5.27689,-60.7999,-16.9888
-3.75201,-60.8096,-16.9835
-2.22795,-60.8187,-16.9816
-0.704739,-60.8274,-16.9823
0.817635,-60.8358,-16.9848
2.33919,-60.8438,-16.988
3.85995,-60.8515,-16.9913
5.37995,-60.859,-16.9942
6.89925,-60.8664,-16.9965
8.41789,-60.8735,-16.9981
9.9359,-60.8806,-16.9991
11.4534,-60.8875,-16.9997
12.9703,-60.8944,-17
14.4867,-60.9012,-17
16.0028,-60.9079,-17
17.5184,-60.9146,-17
19.0337,-60.9212,-17
20.5487,-60.9277,-17
22.0634,-60.9341,-17
23.5779,-60.9404,-17
25.0921,-60.9467,-17
26.6062,-60.9527,-17
28.1202,-60.9586,-17
29.6339,-60.9644,-17
31.1476,-60.97,-17
32.6611,-60.9754,-17
34.1745,-60.9806,-17
35.6879,-60.9856,-17
37.2012,-60.9903,-17
38.7143,-60.9949,-17
40.2275,-60.9992,-17
41.7405,-61.0033,-17
43.2535,-61.0072,-17
44.7665,-61.0108,-17
46.2794,-61.0143,-17
47.7922,-61.0176,-17
49.3051,-61.0207,-17
50.8179,-61.0236,-17
52.3307,-61.0263,-17
53.8435,-61.029,-17
55.3563,-61.0315,-17
56.8691,-61.0339,-17
58.3819,-61.0362,-17
59.8948,-61.0385,-17
61.4076,-61.0408,-17
62.9206,-61.043,-17
64.4335,-61.0452,-17
65.9464,-61.0474,-17
67.4593,-61.0495,-17
68.9723,-61.0514,-17
70.4855,-61.0532,-17
72,-61.0548,-17
73.5,-61.0548,-17
75,-61.0548,-17
-74.25,-59.7558,-17
-72.75,-59.7558,-17
-71.25,-59.7558,-17
-69.7419,-59.7419,-16.9957
-68.2332,-59.7246,-17.0015
-66.725,-59.7034,-17.0157
-65.219,-59.6786,-17.0309
-63.7169,-59.651,-17.0364
-62.22,-59.6231,-17.0276
-60.7291,-59.5987,-17.003
-59.2449,-59.5797,-16.9305
-57.777,-59.5617,-16.7159
-56.3392,-59.546,-16.3451
-54.8641,-59.546,-16.1426
-53.4185,-59.4679,-16.5193
-52.1556,-59.2574,-17.2937
-50.7742,-59.1249,-17.8497
-49.3112,-59.0339,-18.1387
-47.8297,-58.9626,-18.2984
-46.3391,-58.9158,-18.3855
-44.8457,-58.8912,-18.3572
-43.3713,-58.8986,-18.1456
-42.0099,-58.9621,-17.5805
-40.5613,-59.0525,-17.4999
-39.1368,-59.1161,-17.3069
-37.7137,-59.1684,-17.3029
-36.2911,-59.183,-17.5178
-34.8501,-59.1827,-17.8554
-33.3518,-59.2021,-17.9008
-31.8605,-59.2409,-17.7205
-30.3835,-59.2918,-17.4351
-28.9027,-59.3356,-17.1621
-27.4053,-59.3621,-16.9759
-25.8952,-59.3749,-16.8878
-24.3789,-59.3821,-16.8713
-22.8592,-59.3888,-16.8931
-21.3367,-59.3968,-16.9281
-19.8119,-59.4063,-16.9617
-18.2852,-59.417,-16.9873
-16.7571,-59.4284,-17.0029
-15.2281,-59.44,-17.0089
-13.6987,-59.4517,-17.0067
-12.1693,-59.4632,-16.9989
-10.6403,-59.4742,-16.9884
-9.11168,-59.4847,-16.9777
-7.58374,-59.4946,-16.9691
-6.05657,-59.5038,-16.9637
-4.53026,-59.5124,-16.9621
-3.00487,-59.5206,-16.9638
-1.4804,-59.5284,-16.968
0.0431322,-59.5358,-16.9736
1.56576,-59.543,-16.9797
3.08752,-59.55,-16.9854
4.60846,-59.5568,-16.9902
6.12863,-59.5636,-16.9939
7.64806,-59.5702,-16.9966
9.16683,-59.5768,-16.9982
10.685,-59.5834,-16.9992
12.2026,-59.5899,-16.9997
13.7196,-59.5964,-16.9999
15.2362,-59.603,-17
16.7524,-59.6095,-17
18.2683,-59.616,-17
19.7838,-59.6225,-17
21.299,-59.629,-17
22.8139,-59.6354,-17
24.3286,-59.6417,-17
25.8432,-59.6479,-17
27.3575,-59.654,-17
28.8717,-59.66,-17
30.3858,-59.6658,-17
31.8997,-59.6714,-17
33.4136,-59.6769,-17
34.9273,-59.6821,-17
36.441,-59.6872,-17
37.9545,-59.692,-17
39.468,-59.6966,-17
40.9814,-59.7009,-17
42.4947,-59.7051,-17
44.008,-59.709,-17
45.5212,-59.7127,-17
47.0343,-59.7162,-17
48.5474,-59.7195,-17
50.0605,-59.7226,-17
51.5735,-59.7255,-17
53.0865,-59.7283,-17
54.5995,-59.731,-17
56.1125,-59.7335,-17
57.6254,-59.736,-17
59.1384,-59.7384,-17
60.6513,-59.7407,-17
62.1643,-59.743,-17
63.6772,-59.7452,-17
65.1901,-59.7473,-17
66.703,-59.7494,-17
68.2158,-59.7514,-17
69.7284,-59.7533,-17
71.2404,-59.755,-17
72.75,-59.7558,-17
74.25,-59.7558,-17
75.75,-59.7558,-17
-75,-58.4567,-17
-73.5,-58.4567,-17
-72,-58.4567,-17
-70.496,-58.4522,-17.0126
-68.9885,-58.4404,-17.0401
-67.4793,-58.4243,-17.0815
-65.97,-58.4038,-17.1284
-64.4616,-58.3794,-17.1697
-62.9556,-58.353,-17.1949
-61.4527,-58.3288,-17.1993
-59.9533,-58.3116,-17.1686
-58.461,-58.3012,-17.048
-56.9974,-58.2864,-16.7427
-55.5796,-58.2666,-16.272
-54.1038,-58.2836,-16.0134
-52.6547,-58.2129,-16.4009
-51.4161,-57.9666,-17.2066
-50.0773,-57.7952,-17.8724
-48.6184,-57.7002,-18.2857
-47.1025,-57.6425,-18.3998
-45.5894,-57.6066,-18.3497
-44.0958,-57.6062,-18.1349
-42.6376,-57.6492,-17.7785
-41.2174,-57.7456,-17.3319
-39.8706,-57.9726,-16.7822
-38.4261,-58.0989,-16.5475
-37.0507,-57.9268,-17.0849
-35.6051,-57.9351,-17.4077
-34.1235,-57.9438,-17.5943
-32.6309,-57.9643,-17.5432
-31.1582,-58.0206,-17.274
-29.687,-58.0699,-16.9876
-28.1944,-58.0952,-16.8034
-26.6872,-58.1053,-16.7208
-25.1723,-58.1095,-16.7125
-23.6531,-58.1133,-16.7441
-22.1305,-58.1188,-16.7898
-20.605,-58.1261,-16.8354
-19.0773,-58.1347,-16.8739
-17.5479,-58.1443,-16.9025
-16.0175,-58.1544,-16.9209
-14.4865,-58.1646,-16.93
-12.9555,-58.1747,-16.9322
-11.4248,-58.1844,-16.9303
-9.89459,-58.1936,-16.9274
-8.36508,-58.2022,-16.9257
-6.83642,-58.2101,-16.9268
-5.30871,-58.2175,-16.9312
-3.782,-58.2245,-16.9385
-2.2563,-58.2311,-16.9479
-0.731627,-58.2375,-16.9581
0.792065,-58.2437,-16.9681
2.31482,-58.2498,-16.9771
3.83667,-58.2558,-16.9845
5.35769,-58.2618,-16.9902
6.87793,-58.2678,-16.9942
8.39744,-58.2738,-16.9969
9.91628,-58.2799,-16.9984
11.4345,-58.286,-16.9993
12.9522,-58.2922,-16.9997
14.4694,-58.2984,-16.9999
15.9861,-58.3048,-16.9999
17.5025,-58.3112,-16.9999
19.0184,-58.3176,-16.9999
20.5341,-58.324,-16.9999
22.0496,-58.3305,-16.9999
23.5647,-58.3369,-16.9999
25.0797,-58.3432,-16.9999
26.5945,-58.3495,-17
28.1091,-58.3556,-17
29.6236,-58.3617,-17
31.138,-58.3676,-17
32.6522,-58.3733,-17
34.1663,-58.3788,-17
35.6804,-58.3841,-17
37.1943,-58.3891,-17
38.7081,-58.394,-17
40.2219,-58.3986,-17
41.7356,-58.403,-17
43.2492,-58.4072,-17
44.7627,-58.4111,-17
46.2761,-58.4148,-17
47.7895,-58.4183,-17
49.3028,-58.4216,-17
50.8161,-58.4248,-17
52.3293,-58.4277,-17
53.8425,-58.4305,-17
55.3556,-58.4332,-17
56.8687,-58.4358,-17
58.3818,-58.4382,-17
59.8948,-58.4406,-17
61.4079,-58.4429,-17
62.9208,-58.4452,-17
64.4338,-58.4473,-17
65.9467,-58.4494,-17
67.4596,-58.4514,-17
68.9725,-58.4533,-17
70.4856,-58.4551,-17
72,-58.4567,-17
73.5,-58.4567,-17
75,-58.4567,-17
-74.25,-57.1577,-17
-72.75,-57.1577,-17
-71.25,-57.1577,-17
-69.7449,-57.1531,-17.0628
-68.2372,-57.1449,-17.1388
-66.7277,-57.1325,-17.2295
-65.2168,-57.1166,-17.3249
-63.7043,-57.0983,-17.4091
-62.1901,-57.0804,-17.4679
-60.6739,-57.0677,-17.4881
-59.1566,-57.0624,-17.4361
-57.6497,-57.0584,-17.2392
-56.187,-57.0449,-16.8349
-54.7966,-57.0163,-16.2433
-53.3391,-57.0424,-15.8549
-51.881,-56.9837,-16.2064
-50.653,-56.7226,-17.0106
-49.3236,-56.5381,-17.6889
-47.8585,-56.4278,-18.0532
-46.3493,-56.4141,-17.9398
-44.886,-56.4788,-17.6324
-43.4557,-56.578,-17.237
-42.0344,-56.6836,-16.7953
-40.6765,-56.9283,-16.2117
-39.1968,-56.9628,-15.959
-37.7275,-56.8899,-16.2191
-36.2545,-56.8936,-16.4977
-34.8842,-56.7479,-17.1051
-33.4051,-56.7201,-17.2372
-31.9354,-56.7782,-17.0051
-30.4647,-56.8096,-16.7792
-28.9791,-56.8314,-16.607
-27.4763,-56.838,-16.5365
-25.964,-56.8394,-16.5395
-24.4458,-56.8414,-16.5775
-22.9232,-56.8453,-16.6286
-21.3971,-56.851,-16.6807
-19.8684,-56.858,-16.7283
-18.3378,-56.8658,-16.7684
-16.8061,-56.8739,-16.7997
-15.2738,-56.8823,-16.8225
-13.7413,-56.8905,-16.838
-12.209,-56.8984,-16.8488
-10.6773,-56.9059,-16.8574
-9.1463,-56.9127,-16.8663
-7.61622,-56.9191,-16.8771
-6.08716,-56.925,-16.8902
-4.55919,-56.9305,-16.9053
-3.03232,-56.9358,-16.9216
-1.50654,-56.9409,-16.9379
0.0181869,-56.946,-16.9531
1.5419,-56.951,-16.9663
3.06466,-56.956,-16.977
4.58652,-56.9611,-16.9852
6.10753,-56.9663,-16.991
7.62777,-56.9716,-16.9949
9.14729,-56.9771,-16.9973
10.6662,-56.9827,-16.9987
12.1844,-56.9884,-16.9994
13.7022,-56.9944,-16.9997
15.2194,-57.0004,-16.9998
16.7363,-57.0066,-16.9998
18.2528,-57.0129,-16.9998
19.7689,-57.0193,-16.9999
21.2848,-57.0257,-16.9999
22.8004,-57.0322,-16.9999
24.3158,-57.0386,-16.9999
25.8311,-57.0451,-16.9999
27.3461,-57.0514,-16.9999
28.861,-57.0576,-16.9999
30.3758,-57.0637,-17
31.8904,-57.0697,-17
33.405,-57.0754,-17
34.9194,-57.081,-17
36.4337,-57.0864,-17
37.9479,-57.0915,-17
39.462,-57.0964,-17
40.9761,-57.101,-17
42.49,-57.1054,-17
44.0038,-57.1096,-17
45.5176,-57.1135,-17
47.0313,-57.1172,-17
48.5449,-57.1207,-17
50.0584,-57.124,-17
51.5718,-57.1272,-17
53.0852,-57.1301,-17
54.5985,-57.1329,-17
56.1118,-57.1356,-17
57.625,-57.1381,-17
59.1382,-57.1406,-17
60.6513,-57.1429,-17
62.1643,-57.1452,-17
63.6773,-57.1474,-17
65.1903,-57.1495,-17
66.7031,-57.1515,-17
68.2159,-57.1534,-17
69.7285,-57.1552,-17
71.2405,-57.1569,-17
72.75,-57.1577,-17
74.25,-57.1577,-17
75.75,-57.1577,-17
-75,-55.8586,-17
-73.5,-55.8586,-17
-72,-55.8586,-17
-70.4992,-55.8601,-17.0522
-68.9949,-55.8598,-17.1419
-67.4886,-55.8554,-17.263
-65.9798,-55.8474,-17.4015
-64.4674,-55.8371,-17.5432
-62.9489,-55.8265,-17.6649
-61.4224,-55.8178,-17.738
-59.889,-55.8116,-17.7255
-58.3579,-55.8066,-17.5785
-56.8546,-55.7995,-17.2495
-55.4043,-55.7895,-16.7494
-54.0002,-55.7839,-16.1564
-52.5772,-55.8061,-15.6604
-51.1121,-55.7681,-15.9419
-49.8483,-55.5606,-16.6925
-48.5714,-55.3196,-17.4001
-47.1451,-55.6003,-17.0399
-45.7183,-55.6646,-16.7702
-44.312,-55.7133,-16.4511
-42.9629,-55.993,-15.9405
-41.4779,-55.882,-15.6552
-39.9811,-55.7668,-15.596
-38.4839,-55.7011,-15.692
-37.0133,-55.6684,-16.0072
-35.6684,-55.5987,-16.6249
-34.1631,-55.6158,-16.5782
-32.7004,-55.5403,-16.729
-31.2413,-55.5565,-16.5332
-29.7637,-55.573,-16.3723
-28.2646,-55.5717,-16.3375
-26.7548,-55.5701,-16.3596
-25.2377,-55.5707,-16.4077
-23.715,-55.5739,-16.4632
-22.1882,-55.579,-16.5179
-20.6584,-55.585,-16.5694
-19.1266,-55.5915,-16.6163
-17.5936,-55.598,-16.6576
-16.0599,-55.6043,-16.6928
-14.5261,-55.6104,-16.7223
-12.9925,-55.6162,-16.7475
-11.4594,-55.6215,-16.7704
-9.92707,-55.6264,-16.7927
-8.3957,-55.6308,-16.8158
-6.86542,-55.6349,-16.84
-5.33628,-55.6388,-16.8651
-3.8083,-55.6425,-16.89
-2.28148,-55.6462,-16.9137
-0.755779,-55.6499,-16.935
0.768861,-55.6537,-16.9532
2.29249,-55.6575,-16.9679
3.81516,-55.6616,-16.9791
5.33693,-55.6659,-16.9871
6.85788,-55.6703,-16.9925
8.37806,-55.6751,-16.9959
9.89754,-55.68,-16.9979
11.4164,-55.6853,-16.9989
12.9347,-55.6907,-16.9994
14.4525,-55.6965,-16.9997
15.9698,-55.7024,-16.9998
17.4868,-55.7085,-16.9998
19.0034,-55.7148,-16.9998
20.5197,-55.7212,-16.9998
22.0357,-55.7277,-16.9998
23.5516,-55.7342,-16.9999
25.0672,-55.7407,-16.9999
26.5827,-55.7472,-16.9999
28.098,-55.7537,-16.9999
29.6132,-55.76,-16.9999
31.1283,-55.7662,-16.9999
32.6432,-55.7722,-17
34.158,-55.778,-17
35.6727,-55.7836,-17
37.1873,-55.789,-17
38.7018,-55.7942,-17
40.2162,-55.7991,-17
41.7305,-55.8037,-17
43.2447,-55.8081,-17
44.7588,-55.8123,-17
46.2727,-55.8162,-17
47.7866,-55.8199,-17
49.3004,-55.8234,-17
50.8141,-55.8267,-17
52.3277,-55.8298,-17
53.8412,-55.8327,-17
55.3547,-55.8354,-17
56.868,-55.8381,-17
58.3813,-55.8406,-17
59.8946,-55.843,-17
61.4077,-55.8453,-17
62.9208,-55.8475,-17
64.4338,-55.8496,-17
65.9467,-55.8516,-17
67.4596,-55.8535,-17
68.9725,-55.8553,-17
70.4857,-55.857,-17
72,-55.8586,-17
73.5,-55.8586,-17
75,-55.8586,-17
-74.25,-54.5596,-17
-72.75,-54.5596,-17
-71.25,-54.5596,-17
-69.7496,-54.5679,-17.09
-68.2456,-54.5712,-17.1934
-66.7394,-54.5692,-17.3239
-65.2308,-54.5624,-17.4779
-63.7166,-54.5535,-17.6322
-62.1921,-54.5452,-17.7474
-60.6571,-54.5397,-17.7731
-59.1224,-54.5384,-17.6515
-57.6148,-54.5422,-17.3369
-56.1629,-54.5521,-16.8352
-54.7728,-54.5691,-16.1918
-53.3521,-54.5666,-15.6284
-51.8426,-54.5522,-15.4537
-50.3798,-54.5179,-15.7734
-48.9785,-54.4947,-16.2453
-47.6587,-54.3007,-16.9314
-46.3851,-54.4773,-16.3305
-45.11,-54.7324,-15.7037
-43.6559,-54.7698,-15.488
-42.2449,-54.7196,-15.8744
-40.7807,-54.5568,-15.8058
-39.3184,-54.4912,-15.9768
-37.8594,-54.4465,-16.1424
-36.3901,-54.3699,-16.2138
-34.9421,-54.3932,-16.5084
-33.4828,-54.3036,-16.568
-32.0442,-54.3306,-16.2098
-30.5572,-54.3158,-16.1287
-29.0572,-54.3078,-16.118
-27.547,-54.3025,-16.1643
-26.0296,-54.301,-16.2333
-24.5063,-54.3034,-16.3005
-22.9784,-54.3081,-16.3613
-21.4473,-54.3137,-16.4161
-19.9142,-54.3194,-16.4666
-18.3798,-54.3247,-16.5136
-16.8448,-54.3295,-16.5573
-15.3097,-54.3336,-16.5982
-13.7749,-54.3371,-16.6368
-12.2406,-54.3402,-16.674
-10.7071,-54.3428,-16.7107
-9.17464,-54.3452,-16.7475
-7.64328,-54.3473,-16.7843
-6.11311,-54.3493,-16.8206
-4.58414,-54.3513,-16.8552
-3.05636,-54.3533,-16.8872
-1.52974,-54.3555,-16.9153
-0.00422717,-54.3578,-16.939
1.52023,-54.3604,-16.958
3.04368,-54.3633,-16.9725
4.56619,-54.3665,-16.9829
6.08782,-54.37,-16.99
7.60864,-54.3739,-16.9944
9.12871,-54.3781,-16.9971
10.6481,-54.3827,-16.9985
12.1669,-54.3876,-16.9993
13.6852,-54.3929,-16.9996
15.203,-54.3985,-16.9997
16.7204,-54.4044,-16.9998
18.2375,-54.4105,-16.9998
19.7542,-54.4168,-16.9998
21.2707,-54.4233,-16.9999
22.787,-54.4298,-16.9999
24.303,-54.4365,-16.9999
25.8189,-54.4431,-16.9999
27.3346,-54.4497,-16.9999
28.8502,-54.4563,-16.9999
30.3657,-54.4627,-16.9999
31.881,-54.469,-16.9999
33.3963,-54.4751,-16.9999
34.9114,-54.481,-17
36.4264,-54.4866,-17
37.9413,-54.492,-17
39.456,-54.4972,-17
40.9707,-54.5021,-17
42.4852,-54.5067,-17
43.9996,-54.5111,-17
45.5139,-54.5153,-17
47.0281,-54.5191,-17
48.5422,-54.5228,-17
50.0561,-54.5262,-17
51.57,-54.5295,-17
53.0837,-54.5325,-17
54.5974,-54.5354,-17
56.1109,-54.5381,-17
57.6243,-54.5407,-17
59.1377,-54.5431,-17
60.651,-54.5454,-17
62.1641,-54.5476,-17
63.6772,-54.5497,-17
65.1902,-54.5517,-17
66.7031,-54.5536,-17
68.2159,-54.5554,-17
69.7285,-54.5572,-17
71.2405,-54.5588,-17
72.75,-54.5596,-17
74.25,-54.5596,-17
75.75,-54.5596,-17
-75,-53.2606,-17
-73.5,-53.2606,-17
-72,-53.2606,-17
-70.5011,-53.2688,-17.0276
-68.9982,-53.2827,-17.064
-67.4922,-53.2929,-17.1219
-65.9844,-53.2983,-17.212
-64.4755,-53.298,-17.3341
-62.9625,-53.2937,-17.4592
-61.4414,-53.2909,-17.5251
-59.9195,-53.2989,-17.4491
-58.4247,-53.3238,-17.1718
-56.9786,-53.3542,-16.7179
-55.5557,-53.3578,-16.202
-54.1126,-53.3257,-15.7419
-52.6206,-53.2901,-15.5124
-51.1273,-53.2645,-15.58
-49.6899,-53.2286,-15.9269
-48.4261,-53.2272,-16.6361
-47.1962,-53.3605,-15.8747
-45.7932,-53.4359,-15.4335
-44.3371,-53.4851,-15.3126
-42.8856,-53.4873,-15.6286
-41.6139,-53.5347,-16.4247
-40.1695,-53.5528,-16.7454
-38.6983,-53.4482,-16.8473
-37.218,-53.4025,-16.9556
-35.7308,-53.2474,-16.8687
-34.3347,-53.1184,-16.3023
-32.8598,-53.0825,-16.0562
-31.3654,-53.0564,-15.9353
-29.8575,-53.0453,-15.8985
-28.342,-53.0367,-15.962
-26.8217,-53.0333,-16.0506
-25.2966,-53.0343,-16.1372
-23.7674,-53.0379,-16.2133
-22.2351,-53.0429,-16.2783
-20.7006,-53.0479,-16.335
-19.1649,-53.0524,-16.3866
-17.6286,-53.0559,-16.4356
-16.0922,-53.0584,-16.4839
-14.5562,-53.06,-16.5323
-13.0208,-53.061,-16.5813
-11.4864,-53.0615,-16.6309
-9.95294,-53.0617,-16.6806
-8.42066,-53.0618,-16.7297
-6.88959,-53.0619,-16.777
-5.35974,-53.062,-16.8214
-3.8311,-53.0623,-16.8615
-2.30363,-53.0628,-16.8964
-0.777295,-53.0636,-16.9256
0.747948,-53.0648,-16.9488
2.27215,-53.0663,-16.9664
3.79536,-53.0683,-16.9791
5.31765,-53.0707,-16.9878
6.83908,-53.0735,-16.9933
8.35973,-53.0769,-16.9966
9.87967,-53.0807,-16.9984
11.399,-53.085,-16.9993
12.9177,-53.0898,-16.9997
14.436,-53.095,-16.9998
15.9538,-53.1005,-16.9999
17.4713,-53.1064,-16.9999
18.9884,-53.1126,-16.9999
20.5053,-53.119,-16.9999
22.022,-53.1256,-16.9999
23.5384,-53.1323,-16.9999
25.0547,-53.1391,-16.9999
26.5709,-53.1459,-16.9999
28.0869,-53.1526,-16.9999
29.6028,-53.1593,-16.9999
31.1185,-53.1658,-16.9999
32.6342,-53.1722,-16.9999
34.1497,-53.1784,-16.9999
35.6651,-53.1843,-16.9999
37.1804,-53.19,-17
38.6955,-53.1954,-17
40.2106,-53.2006,-17
41.7255,-53.2054,-17
43.2402,-53.21,-17
44.7549,-53.2144,-17
46.2694,-53.2185,-17
47.7837,-53.2223,-17
49.2979,-53.2259,-17
50.812,-53.2293,-17
52.326,-53.2324,-17
53.8399,-53.2354,-17
55.3536,-53.2382,-17
56.8672,-53.2408,-17
58.3807,-53.2433,-17
59.8941,-53.2456,-17
61.4074,-53.2479,-17
62.9206,-53.25,-17
64.4337,-53.252,-17
65.9467,-53.2539,-17
67.4596,-53.2557,-17
68.9725,-53.2574,-17
70.4857,-53.259,-17
72,-53.2606,-17
73.5,-53.2606,-17
75,-53.2606,-17
-74.25,-51.9615,-17
-72.75,-51.9615,-17
-71.25,-51.9615,-17
-69.7504,-51.9857,-16.9634
-68.2464,-52.0116,-16.9198
-66.739,-52.0387,-16.8972
-65.2302,-52.0633,-16.9218
-63.7228,-52.0812,-16.9901
-62.217,-52.0934,-17.0568
-60.7127,-52.0998,-17.0604
-59.2183,-52.1059,-16.9324
-57.7576,-52.1274,-16.6123
-56.3021,-52.1164,-16.2666
-54.8276,-52.0845,-16.0344
-53.3466,-52.0831,-15.9501
-51.8871,-52.0361,-15.8122
-50.5409,-52.1313,-16.3443
-49.1748,-52.1059,-16.7819
-47.8253,-52.0326,-16.1112
-46.3965,-52.1409,-15.8133
-44.9994,-52.1583,-15.4088
-43.5166,-52.2344,-15.3867
-42.3502,-52.3034,-16.3563
-40.9856,-52.3652,-17.0586
-39.5289,-52.3812,-17.447
-38.0185,-52.3097,-17.5314
-36.5542,-52.1142,-17.1784
-35.1156,-51.9467,-16.6817
-33.6737,-51.8363,-16.1927
-32.1872,-51.7919,-15.8809
-30.6669,-51.7742,-15.7904
-29.1412,-51.7673,-15.8166
-27.614,-51.765,-15.8919
-26.0853,-51.7655,-15.9861
-24.5543,-51.7683,-16.078
-23.0209,-51.7723,-16.1595
-21.4855,-51.7765,-16.2293
-19.9487,-51.7801,-16.2896
-18.4112,-51.7826,-16.3444
-16.8738,-51.7838,-16.3977
-15.3367,-51.784,-16.4519
-13.8003,-51.7832,-16.5084
-12.265,-51.7819,-16.567
-10.7307,-51.7802,-16.6264
-9.19761,-51.7784,-16.6852
-7.66574,-51.7765,-16.7417
-6.13509,-51.7748,-16.7942
-4.60566,-51.7732,-16.8412
-3.0774,-51.772,-16.8818
-1.55029,-51.7711,-16.9155
-0.0243054,-51.7706,-16.9422
1.50061,-51.7706,-16.9624
3.02449,-51.7712,-16.977
4.5474,-51.7724,-16.9868
6.06942,-51.7741,-16.9931
7.59062,-51.7765,-16.9968
9.11107,-51.7794,-16.9988
10.6309,-51.783,-16.9997
12.1501,-51.7871,-17.0001
13.6687,-51.7918,-17.0003
15.187,-51.7969,-17.0003
16.7049,-51.8026,-17.0002
18.2224,-51.8085,-17.0002
19.7397,-51.8149,-17.0002
21.2567,-51.8214,-17.0002
22.7735,-51.8282,-17.0001
24.2902,-51.8351,-17.0001
25.8068,-51.8421,-17
27.3232,-51.849,-17
28.8395,-51.8559,-17
30.3556,-51.8627,-17
31.8717,-51.8694,-16.9999
33.3876,-51.8758,-16.9999
34.9035,-51.882,-16.9999
36.4192,-51.888,-16.9999
37.9347,-51.8937,-16.9999
39.4501,-51.8991,-17
40.9654,-51.9042,-17
42.4805,-51.9091,-17
43.9955,-51.9136,-17
45.5103,-51.9179,-17
47.025,-51.9219,-17
48.5395,-51.9256,-17
50.0539,-51.9292,-17
51.5681,-51.9324,-17
53.0822,-51.9355,-17
54.5961,-51.9384,-17
56.1099,-51.9411,-17
57.6236,-51.9436,-17
59.1371,-51.946,-17
60.6506,-51.9482,-17
62.1639,-51.9503,-17
63.6771,-51.9523,-17
65.1901,-51.9542,-17
66.7031,-51.956,-17
68.2159,-51.9576,-17
69.7286,-51.9592,-17
71.2405,-51.9608,-17
72.75,-51.9615,-17
74.25,-51.9615,-17
75.75,-51.9615,-17
-75,-50.6625,-17
-73.5,-50.6625,-17
-72,-50.6625,-17
-70.502,-50.6784,-16.9371
-69.0022,-50.7137,-16.8218
-67.4989,-50.7539,-16.7014
-65.9909,-50.7947,-16.6287
-64.4823,-50.8307,-16.6215
-62.9785,-50.8572,-16.664
-61.4821,-50.8729,-16.7052
-59.9935,-50.8831,-16.6501
-58.5109,-50.8758,-16.5183
-57.0248,-50.8625,-16.406
-55.534,-50.8605,-16.4017
-54.0593,-50.8427,-16.2655
-52.5955,-50.8257,-16.2064
-51.1421,-50.8231,-16.264
-49.6803,-50.9017,-16.2324
-48.3415,-50.9477,-16.9446
-46.8801,-51.1746,-16.8145
-45.5976,-50.9601,-16.122
-44.1584,-51.1164,-16.0302
-42.7177,-51.0389,-15.7313
-41.558,-51.1006,-16.6547
-40.2526,-51.0914,-17.3663
-38.8091,-51.1008,-17.7876
-37.2996,-51.0125,-17.7211
-35.8984,-50.8099,-17.1142
-34.4777,-50.6414,-16.5303
-32.9891,-50.5469,-16.1427
-31.4702,-50.5097,-15.9376
-29.9405,-50.4958,-15.8529
-28.407,-50.493,-15.8554
-26.8732,-50.4944,-15.9096
-25.3392,-50.4974,-15.9889
-23.8043,-50.5013,-16.0756
-22.2682,-50.5052,-16.1578
-20.7308,-50.5083,-16.2304
-19.1927,-50.51,-16.2942
-17.6544,-50.5102,-16.3529
-16.1165,-50.5091,-16.4108
-14.5794,-50.5069,-16.4705
-13.0432,-50.504,-16.533
-11.5081,-50.5006,-16.5972
-9.97426,-50.497,-16.6613
-8.44164,-50.4932,-16.7231
-6.91024,-50.4896,-16.7804
-5.38005,-50.4862,-16.8317
-3.85104,-50.483,-16.8758
-2.32319,-50.4803,-16.9121
-0.796491,-50.478,-16.9409
0.7291,-50.4764,-16.9625
2.25362,-50.4754,-16.9779
3.77714,-50.4751,-16.9882
5.29971,-50.4756,-16.9947
6.82143,-50.4768,-16.9984
8.34236,-50.4788,-17.0003
9.8626,-50.4815,-17.001
11.3822,-50.4849,-17.0012
12.9013,-50.489,-17.0012
14.4199,-50.4937,-17.001
15.9382,-50.4989,-17.0009
17.4561,-50.5047,-17.0008
18.9737,-50.5108,-17.0007
20.4911,-50.5174,-17.0006
22.0083,-50.5242,-17.0005
23.5254,-50.5312,-17.0004
25.0423,-50.5383,-17.0003
26.5591,-50.5454,-17.0002
28.0758,-50.5526,-17.0001
29.5924,-50.5596,-17.0001
31.1089,-50.5666,-17
32.6253,-50.5733,-17
34.1415,-50.5798,-16.9999
35.6576,-50.5861,-16.9999
37.1736,-50.592,-16.9999
38.6894,-50.5977,-16.9999
40.2051,-50.6031,-17
41.7206,-50.6082,-17
43.2359,-50.613,-17
44.7511,-50.6174,-17
46.2661,-50.6216,-17
47.7809,-50.6255,-17
49.2956,-50.6292,-17
50.81,-50.6326,-17
52.3244,-50.6357,-17
53.8385,-50.6387,-17
55.3525,-50.6414,-17
56.8664,-50.644,-17
58.3801,-50.6464,-17
59.8936,-50.6487,-17
61.4071,-50.6508,-17
62.9204,-50.6528,-17
64.4335,-50.6546,-17
65.9466,-50.6564,-17
67.4596,-50.658,-17
68.9726,-50.6596,-17
70.4857,-50.6611,-17
72,-50.6625,-17
73.5,-50.6625,-17
75,-50.6625,-17
-74.25,-49.3634,-17
-72.75,-49.3634,-17
-71.25,-49.3634,-17
-69.7549,-49.4041,-16.8322
-68.2554,-49.4478,-16.6692
-66.7497,-49.4917,-16.5475
-65.2398,-49.5314,-16.5054
-63.7325,-49.5637,-16.5498
-62.2322,-49.5872,-16.6424
-60.7365,-49.605,-16.7331
-59.2433,-49.6274,-16.7897
-57.7513,-49.6304,-16.7091
-56.2704,-49.6037,-16.483
-54.7915,-49.5823,-16.2779
-53.3123,-49.5629,-16.1159
-51.8284,-49.5601,-16.0027
-50.3448,-49.5938,-16.1308
-48.9265,-49.7,-16.5207
-47.4525,-49.8203,-16.7268
-46.0719,-50.0117,-17.1868
-44.693,-49.9524,-16.7188
-43.5277,-49.8066,-15.8353
-42.124,-49.8191,-16.2806
-40.6797,-49.924,-16.5382
-39.4244,-49.8535,-17.3121
-38.0695,-49.7946,-17.9209
-36.562,-49.7336,-17.8107
-35.1476,-49.5602,-17.2666
-33.7088,-49.41,-16.7796
-32.226,-49.3154,-16.4298
-30.7162,-49.2655,-16.2033
-29.1916,-49.2403,-16.0711
-27.6591,-49.2299,-16.0156
-26.123,-49.2284,-16.0233
-24.586,-49.2311,-16.0739
-23.0487,-49.2348,-16.1458
-21.5109,-49.2378,-16.2219
-19.9725,-49.2391,-16.2931
-18.434,-49.2386,-16.3575
-16.8956,-49.2364,-16.418
-15.3579,-49.2329,-16.478
-13.8211,-49.2285,-16.5396
-12.2853,-49.2234,-16.603
-10.7507,-49.218,-16.6668
-9.21737,-49.2124,-16.7287
-7.68522,-49.2067,-16.7864
-6.15428,-49.2012,-16.838
-4.62453,-49.196,-16.8823
-3.09596,-49.1912,-16.9187
-1.56857,-49.1871,-16.9472
-0.0423283,-49.1836,-16.9685
1.48281,-49.1809,-16.9834
3.00689,-49.1791,-16.9931
4.53,-49.1781,-16.999
6.0522,-49.1781,-17.002
7.57359,-49.1789,-17.0033
9.09426,-49.1806,-17.0035
10.6143,-49.1832,-17.0033
12.1337,-49.1865,-17.0028
13.6527,-49.1907,-17.0024
15.1713,-49.1955,-17.002
16.6895,-49.2009,-17.0018
18.2075,-49.2069,-17.0015
19.7253,-49.2133,-17.0013
21.2428,-49.2201,-17.0012
22.7602,-49.2272,-17.001
24.2775,-49.2345,-17.0008
25.7947,-49.2418,-17.0006
27.3118,-49.2492,-17.0005
28.8288,-49.2566,-17.0003
30.3457,-49.2638,-17.0002
31.8625,-49.2708,-17.0001
33.3792,-49.2776,-17
34.8958,-49.2842,-17
36.4122,-49.2905,-17
37.9284,-49.2964,-16.9999
39.4445,-49.3021,-16.9999
40.9604,-49.3074,-16.9999
42.4761,-49.3124,-17
43.9916,-49.3171,-17
45.507,-49.3214,-17
47.0221,-49.3255,-17
48.537,-49.3293,-17
50.0518,-49.3328,-17
51.5664,-49.3361,-17
53.0808,-49.3391,-17
54.595,-49.3419,-17
56.109,-49.3445,-17
57.6229,-49.347,-17
59.1366,-49.3492,-17
60.6502,-49.3513,-17
62.1636,-49.3533,-17
63.6769,-49.3552,-17
65.19,-49.3569,-17
66.7031,-49.3585,-17
68.2159,-49.36,-17
69.7286,-49.3614,-17
71.2405,-49.3628,-17
72.75,-49.3634,-17
74.25,-49.3634,-17
75.75,-49.3634,-17
-75,-48.0644,-17
-73.5,-48.0644,-17
-72,-48.0644,-17
-70.5034,-48.0879,-16.8963
-69.0055,-48.1349,-16.747
-67.5029,-48.1812,-16.6177
-65.9947,-48.226,-16.5775
-64.4884,-48.2698,-16.6465
-62.9907,-48.3155,-16.8123
-61.4979,-48.3652,-17.0171
-59.9948,-48.4037,-17.1425
-58.4856,-48.4119,-17.0905
-56.9959,-48.3863,-16.8464
-55.5235,-48.339,-16.5202
-54.0366,-48.3063,-16.3258
-52.5438,-48.3059,-16.3001
-51.0629,-48.3446,-16.3952
-49.5806,-48.3883,-16.5339
-48.1484,-48.5607,-16.9027
-46.7754,-48.7243,-17.4517
-45.3194,-48.7436,-17.2725
-43.9354,-48.6922,-16.7107
-42.7357,-48.5592,-15.8631
-41.2823,-48.6449,-16.0477
-39.9612,-48.6409,-16.6704
-38.6029,-48.6124,-17.2332
-37.319,-48.5041,-17.9715
-35.8117,-48.477,-17.9974
-34.3564,-48.3659,-17.609
-32.9068,-48.239,-17.2039
-31.4338,-48.1376,-16.8649
-29.94,-48.0609,-16.5897
-28.4272,-48.0101,-16.3874
-26.9001,-47.9831,-16.2672
-25.3651,-47.9727,-16.2248
-23.8273,-47.971,-16.2411
-22.2889,-47.972,-16.2912
-20.7505,-47.9725,-16.354
-19.2119,-47.9711,-16.4171
-17.6736,-47.9678,-16.4768
-16.1357,-47.9629,-16.534
-14.5984,-47.9567,-16.5908
-13.0622,-47.9497,-16.6485
-11.5269,-47.9421,-16.7064
-9.99286,-47.9343,-16.7629
-8.45997,-47.9264,-16.8159
-6.92829,-47.9186,-16.8634
-5.39781,-47.9111,-16.9041
-3.86855,-47.9041,-16.9374
-2.34049,-47.8978,-16.9631
-0.81363,-47.8923,-16.9819
0.712084,-47.8877,-16.9947
2.23671,-47.8842,-17.0025
3.76031,-47.8816,-17.0067
5.28298,-47.8801,-17.0083
6.8048,-47.8797,-17.0083
8.32586,-47.8803,-17.0076
9.84625,-47.8819,-17.0065
11.3661,-47.8845,-17.0054
12.8854,-47.888,-17.0045
14.4043,-47.8922,-17.0037
15.9228,-47.8973,-17.0032
17.4411,-47.903,-17.0028
18.9591,-47.9093,-17.0024
20.477,-47.9161,-17.0021
21.9948,-47.9232,-17.0018
23.5124,-47.9306,-17.0015
25.03,-47.9382,-17.0013
26.5475,-47.9459,-17.001
28.0649,-47.9535,-17.0008
29.5822,-47.961,-17.0006
31.0995,-47.9684,-17.0004
32.6166,-47.9755,-17.0002
34.1336,-47.9824,-17.0001
35.6504,-47.989,-17
37.1671,-47.9953,-17
38.6836,-48.0012,-17
40.1999,-48.0068,-16.9999
41.716,-48.012,-16.9999
43.2319,-48.0169,-17
44.7476,-48.0214,-17
46.2631,-48.0256,-17
47.7784,-48.0295,-17
49.2934,-48.0332,-17
50.8082,-48.0365,-17
52.3229,-48.0396,-17
53.8373,-48.0425,-17
55.3516,-48.0452,-17
56.8656,-48.0476,-17
58.3795,-48.0499,-17
59.8932,-48.052,-17
61.4068,-48.054,-17
62.9202,-48.0558,-17
64.4334,-48.0575,-17
65.9466,-48.0591,-17
67.4596,-48.0605,-17
68.9726,-48.0619,-17
70.4857,-48.0632,-17
72,-48.0644,-17
73.5,-48.0644,-17
75,-48.0644,-17
-74.25,-46.7654,-17
-72.75,-46.7654,-17
-71.25,-46.7654,-17
-69.7543,-46.8176,-16.8481
-68.2531,-46.8688,-16.7386
-66.7479,-46.9206,-16.7087
-65.2446,-46.9754,-16.7845
-63.7492,-47.034,-16.959
-62.2559,-47.091,-17.1699
-60.7529,-47.1376,-17.327
-59.2402,-47.1658,-17.3537
-57.7329,-47.1665,-17.2102
-56.2479,-47.1378,-16.9409
-54.7592,-47.1027,-16.7617
-53.2724,-47.1396,-16.8389
-51.8109,-47.2392,-17.0353
-50.3593,-47.3504,-17.2366
-48.9157,-47.4613,-17.4816
-47.4492,-47.4159,-17.3973
-46.0152,-47.4257,-17.4521
-44.7639,-47.507,-16.7619
-43.4393,-47.3433,-16.2664
-42.0221,-47.4423,-16.5378
-40.5985,-47.3572,-16.2806
-39.1544,-47.4078,-16.5866
-37.9375,-47.2949,-17.4211
-36.5702,-47.2259,-18.0244
-35.0762,-47.1998,-18.1608
-33.5872,-47.1443,-17.9483
-32.1161,-47.0532,-17.6273
-30.6427,-46.9532,-17.2952
-29.1569,-46.8616,-16.9879
-27.653,-46.7923,-16.7389
-26.1319,-46.7498,-16.5723
-24.5999,-46.7284,-16.4896
-23.0634,-46.7191,-16.4729
-21.5256,-46.7145,-16.4967
-19.9875,-46.7103,-16.5393
-18.4496,-46.7048,-16.5874
-16.9119,-46.6977,-16.6356
-15.3746,-46.6893,-16.6832
-13.8381,-46.6799,-16.7308
-12.3024,-46.6698,-16.7784
-10.7678,-46.6594,-16.8249
-9.23426,-46.6489,-16.8686
-7.7019,-46.6385,-16.9079
-6.17075,-46.6284,-16.9415
-4.64084,-46.619,-16.9685
-3.11218,-46.6103,-16.9889
-1.58474,-46.6026,-17.0032
-0.0584936,-46.596,-17.0121
1.46663,-46.5905,-17.0167
2.99069,-46.5862,-17.0181
4.51379,-46.5831,-17.0174
6.03601,-46.5813,-17.0156
7.55744,-46.5807,-17.0132
9.07817,-46.5812,-17.0109
10.5983,-46.5828,-17.0088
12.1179,-46.5855,-17.0072
13.6371,-46.5892,-17.0059
15.1559,-46.5938,-17.005
16.6745,-46.5992,-17.0043
18.1928,-46.6053,-17.0037
19.711,-46.612,-17.0033
21.2291,-46.6192,-17.0029
22.7471,-46.6268,-17.0025
24.265,-46.6345,-17.0021
25.7829,-46.6424,-17.0018
27.3007,-46.6504,-17.0014
28.8184,-46.6582,-17.0011
30.3361,-46.666,-17.0008
31.8537,-46.6735,-17.0006
33.3711,-46.6807,-17.0004
34.8884,-46.6876,-17.0002
36.4056,-46.6942,-17.0001
37.9225,-46.7004,-17
39.4392,-46.7062,-17
40.9558,-46.7117,-16.9999
42.4721,-46.7168,-16.9999
43.9881,-46.7215,-16.9999
45.504,-46.7259,-17
47.0195,-46.73,-17
48.5349,-46.7337,-17
50.05,-46.7372,-17
51.5649,-46.7403,-17
53.0796,-46.7433,-17
54.594,-46.746,-17
56.1083,-46.7485,-17
57.6223,-46.7507,-17
59.1362,-46.7528,-17
60.6499,-46.7548,-17
62.1634,-46.7566,-17
63.6768,-46.7582,-17
65.19,-46.7598,-17
66.7031,-46.7612,-17
68.216,-46.7625,-17
69.7286,-46.7637,-17
71.2406,-46.7648,-17
72.75,-46.7654,-17
74.25,-46.7654,-17
75.75,-46.7654,-17
-75,-45.4663,-17
-73.5,-45.4663,-17
-72,-45.4663,-17
-70.5019,-45.4947,-16.9261
-69.0015,-45.5513,-16.8499
-67.4983,-45.6082,-16.8207
-65.9958,-45.668,-16.8798
-64.498,-45.7301,-17.0167
-63.0025,-45.7903,-17.1897
-61.5032,-45.8432,-17.3377
-59.9983,-45.8847,-17.399
-58.4951,-45.9094,-17.3326
-56.996,-45.9044,-17.1998
-55.4941,-45.9135,-17.2218
-54.0197,-46.0105,-17.4329
-52.5575,-46.1199,-17.6624
-51.0921,-46.2058,-17.8393
-49.6196,-46.2202,-17.8444
-48.1746,-46.1833,-17.6236
-46.7558,-46.1255,-17.297
-45.5167,-46.2826,-16.5968
-44.1096,-46.2072,-16.9491
-42.7023,-46.112,-16.6374
-41.3083,-46.1955,-16.9232
-39.8944,-46.1354,-16.6566
-38.4335,-46.1125,-16.6934
-37.1964,-46.0118,-17.5082
-35.8338,-45.9344,-18.1184
-34.3415,-45.9109,-18.2885
-32.8378,-45.8792,-18.1927
-31.3463,-45.8178,-17.9538
-29.8627,-45.7334,-17.6515
-28.3753,-45.6451,-17.3447
-26.8741,-45.5714,-17.082
-25.3572,-45.5203,-16.8932
-23.8291,-45.4894,-16.7829
-22.2952,-45.4713,-16.7364
-20.7592,-45.459,-16.7315
-19.2225,-45.4485,-16.749
-17.6856,-45.4377,-16.7765
-16.1488,-45.4261,-16.8079
-14.6124,-45.4137,-16.841
-13.0767,-45.4007,-16.8747
-11.5417,-45.3873,-16.9079
-10.0077,-45.3739,-16.9393
-8.47484,-45.3606,-16.9675
-6.94315,-45.3478,-16.9912
-5.4127,-45.3357,-17.0097
-3.88352,-45.3245,-17.0229
-2.35558,-45.3144,-17.031
-0.828868,-45.3055,-17.0347
0.696694,-45.298,-17.035
2.22118,-45.2918,-17.0328
3.74466,-45.2871,-17.029
5.26725,-45.2837,-17.0247
6.78903,-45.2817,-17.0203
8.31008,-45.281,-17.0163
9.83051,-45.2816,-17.0129
11.3504,-45.2834,-17.0103
12.8698,-45.2864,-17.0083
14.3889,-45.2904,-17.0068
15.9077,-45.2954,-17.0058
17.4263,-45.3013,-17.005
18.9448,-45.3079,-17.0044
20.4631,-45.3151,-17.0039
21.9814,-45.3228,-17.0035
23.4997,-45.3308,-17.003
25.0179,-45.3389,-17.0026
26.5361,-45.3472,-17.0022
28.0543,-45.3554,-17.0018
29.5724,-45.3635,-17.0015
31.0904,-45.3714,-17.0011
32.6084,-45.379,-17.0008
34.1261,-45.3863,-17.0006
35.6437,-45.3932,-17.0003
37.1611,-45.3997,-17.0002
38.6783,-45.4058,-17.0001
40.1953,-45.4116,-17
41.712,-45.4169,-17
43.2285,-45.4218,-16.9999
44.7446,-45.4263,-16.9999
46.2606,-45.4305,-17
47.7762,-45.4344,-17
49.2916,-45.4379,-17
50.8068,-45.4412,-17
52.3217,-45.4442,-17
53.8364,-45.4469,-17
55.3508,-45.4494,-17
56.8651,-45.4517,-17
58.3791,-45.4538,-17
59.8929,-45.4557,-17
61.4066,-45.4575,-17
62.9201,-45.4591,-17
64.4334,-45.4606,-17
65.9466,-45.4619,-17
67.4596,-45.4632,-17
68.9726,-45.4643,-17
70.4858,-45.4653,-17
72,-45.4663,-17
73.5,-45.4663,-17
75,-45.4663,-17
-74.25,-44.1673,-17
-72.75,-44.1673,-17
-71.25,-44.1673,-17
-69.7503,-44.2278,-16.924
-68.2476,-44.2887,-16.8994
-66.7445,-44.3516,-16.9398
-65.2437,-44.4158,-17.0354
-63.7448,-44.479,-17.1599
-62.2456,-44.5379,-17.2755
-60.7454,-44.5895,-17.3525
-59.2449,-44.6298,-17.3929
-57.7456,-44.6658,-17.4749
-56.2573,-44.7328,-17.6672
-54.7724,-44.8107,-17.8735
-53.2909,-44.8882,-18.076
-51.804,-44.9414,-18.1933
-50.3204,-44.9448,-18.0836
-48.9086,-44.9285,-17.6232
-47.6437,-45.0157,-16.8659
-46.2592,-45.0233,-16.4196
-44.8137,-44.9695,-16.5319
-43.4534,-44.8889,-17.003
-42.04,-44.9137,-17.2709
-40.632,-44.8748,-16.9255
-39.2191,-44.8572,-16.5142
-37.8205,-44.8006,-16.972
-36.492,-44.7083,-17.6285
-35.0896,-44.6384,-18.1389
-33.6015,-44.6128,-18.3541
-32.0918,-44.5901,-18.3414
-30.5872,-44.5463,-18.1749
-29.092,-44.48,-17.9192
-27.5979,-44.4045,-17.6386
-26.0951,-44.3356,-17.3862
-24.5802,-44.2824,-17.1924
-23.0554,-44.2449,-17.0643
-21.5247,-44.2188,-16.9919
-19.991,-44.199,-16.9588
-18.4559,-44.1819,-16.95
-16.9203,-44.1658,-16.9549
-15.3846,-44.1497,-16.9672
-13.8491,-44.1335,-16.9834
-12.3142,-44.117,-17.001
-10.7801,-44.1006,-17.0184
-9.2469,-44.0844,-17.034
-7.71485,-44.0688,-17.0467
-6.18401,-44.0539,-17.0557
-4.65442,-44.0401,-17.0608
-3.12609,-44.0275,-17.062
-1.59899,-44.0163,-17.0599
-0.0730555,-44.0067,-17.0553
1.45179,-43.9985,-17.049
2.97563,-43.9919,-17.0418
4.49855,-43.9868,-17.0345
6.02064,-43.9833,-17.0277
7.542,-43.9813,-17.0218
9.0627,-43.9807,-17.0169
10.5828,-43.9815,-17.013
12.1025,-43.9837,-17.0101
13.6218,-43.9871,-17.0081
15.1408,-43.9916,-17.0066
16.6596,-43.9972,-17.0056
18.1783,-44.0037,-17.0049
19.6969,-44.0109,-17.0044
21.2155,-44.0186,-17.004
22.7341,-44.0268,-17.0036
24.2527,-44.0353,-17.0033
25.7713,-44.0439,-17.0029
27.2899,-44.0526,-17.0026
28.8084,-44.0611,-17.0022
30.3269,-44.0694,-17.0018
31.8453,-44.0774,-17.0014
33.3636,-44.085,-17.0011
34.8817,-44.0923,-17.0007
36.3996,-44.0992,-17.0005
37.9172,-44.1056,-17.0003
39.4346,-44.1116,-17.0001
40.9518,-44.1171,-17
42.4686,-44.1222,-17
43.9852,-44.127,-16.9999
45.5015,-44.1313,-16.9999
47.0175,-44.1353,-17
48.5332,-44.1389,-17
50.0486,-44.1422,-17
51.5638,-44.1453,-17
53.0787,-44.148,-17
54.5933,-44.1505,-17
56.1078,-44.1528,-17
57.622,-44.1549,-17
59.136,-44.1568,-17
60.6497,-44.1585,-17
62.1633,-44.1601,-17
63.6768,-44.1615,-17
65.19,-44.1628,-17
66.7031,-44.164,-17
68.216,-44.165,-17
69.7287,-44.166,-17
71.2406,-44.1669,-17
72.75,-44.1673,-17
74.25,-44.1673,-17
75.75,-44.1673,-17
-75,-42.8683,-17
-73.5,-42.8683,-17
-72,-42.8683,-17
-70.4993,-42.9,-16.9662
-68.9968,-42.9645,-16.9568
-67.4934,-43.0301,-16.9883
-65.9911,-43.0967,-17.0633
-64.4901,-43.1627,-17.1607
-62.9898,-43.2259,-17.2593
-61.4901,-43.2845,-17.3511
-59.9917,-43.3377,-17.452
-58.4963,-43.3914,-17.5991
-57.0038,-43.4539,-17.794
-55.5152,-43.5234,-18.0112
-54.0265,-43.5881,-18.2139
-52.5305,-43.6332,-18.3204
-51.0395,-43.651,-18.2006
-49.638,-43.6687,-17.6854
-48.3555,-43.7274,-16.9219
-47.0182,-43.7669,-16.2895
-45.5408,-43.725,-16.2029
-44.2123,-43.632,-16.8469
-42.7991,-43.5895,-17.2902
-41.3384,-43.5816,-17.2185
-39.9533,-43.5847,-16.722
-38.4953,-43.5817,-16.4933
-37.1187,-43.5068,-17.0377
-35.7657,-43.4079,-17.6493
-34.3343,-43.3469,-18.0834
-32.8511,-43.313,-18.3342
-31.3422,-43.288,-18.3957
-29.8313,-43.2525,-18.2971
-28.3272,-43.2007,-18.0958
-26.8257,-43.139,-17.8555
-25.3195,-43.0786,-17.6268
-23.8047,-43.0271,-17.4388
-22.2821,-42.9865,-17.3005
-20.7539,-42.9549,-17.2075
-19.2223,-42.9293,-17.1497
-17.6889,-42.9072,-17.1168
-16.1545,-42.8867,-17.1002
-14.6198,-42.8669,-17.0938
-13.0853,-42.8474,-17.0932
-11.5512,-42.8281,-17.0953
-10.018,-42.8092,-17.098
-8.48577,-42.7908,-17.0997
-6.95471,-42.7733,-17.0993
-5.42486,-42.7569,-17.0965
-3.89625,-42.7418,-17.0911
-2.36885,-42.7283,-17.0835
-0.842619,-42.7164,-17.0742
0.682532,-42.7061,-17.0638
2.20668,-42.6976,-17.0533
3.7299,-42.6908,-17.0431
5.25229,-42.6856,-17.0338
6.77392,-42.6822,-17.0258
8.29489,-42.6803,-17.0193
9.81527,-42.68,-17.0141
11.3352,-42.6812,-17.0102
12.8547,-42.6839,-17.0075
14.3739,-42.6878,-17.0057
15.8929,-42.693,-17.0045
17.4117,-42.6993,-17.0038
18.9306,-42.7064,-17.0035
20.4494,-42.7143,-17.0033
21.9683,-42.7227,-17.0032
23.4872,-42.7315,-17.0032
25.0061,-42.7405,-17.0031
26.5252,-42.7496,-17.0029
28.0442,-42.7585,-17.0027
29.5631,-42.7673,-17.0024
31.082,-42.7758,-17.002
32.6008,-42.7838,-17.0017
34.1194,-42.7915,-17.0013
35.6378,-42.7987,-17.0009
37.1559,-42.8055,-17.0006
38.6738,-42.8118,-17.0004
40.1914,-42.8176,-17.0002
41.7087,-42.8229,-17.0001
43.2256,-42.8278,-17
44.7423,-42.8323,-17
46.2586,-42.8363,-16.9999
47.7747,-42.8401,-16.9999
49.2904,-42.8434,-17
50.8058,-42.8465,-17
52.321,-42.8493,-17
53.8358,-42.8518,-17
55.3504,-42.8541,-17
56.8648,-42.8562,-17
58.379,-42.8581,-17
59.8929,-42.8598,-17
61.4066,-42.8613,-17
62.9201,-42.8626,-17
64.4335,-42.8639,-17
65.9467,-42.865,-17
67.4597,-42.8659,-17
68.9727,-42.8668,-17
70.4858,-42.8676,-17
72,-42.8683,-17
73.5,-42.8683,-17
75,-42.8683,-17
-74.25,-41.5692,-17
-72.75,-41.5692,-17
-71.25,-41.5692,-17
-69.747,-41.6363,-16.9932
-68.2435,-41.7049,-17.0319
-66.7409,-41.7746,-17.1089
-65.2393,-41.8438,-17.204
-63.7385,-41.9109,-17.3027
-62.2386,-41.975,-17.4019
-60.7404,-42.0361,-17.5113
-59.2441,-42.0956,-17.6431
-57.7489,-42.156,-17.797
-56.2548,-42.2167,-17.956
-54.762,-42.2751,-18.0954
-53.271,-42.3221,-18.2058
-51.7792,-42.3518,-18.1826
-50.3297,-42.3804,-17.8264
-49.0211,-42.4303,-17.1011
-47.7485,-42.4777,-16.3261
-46.3019,-42.4685,-15.9972
-44.8648,-42.3924,-16.3624
-43.5346,-42.3031,-17.0184
-42.0755,-42.2642,-17.248
-40.6511,-42.2879,-16.8651
-39.2584,-42.3261,-16.3529
-37.7837,-42.2938,-16.5128
-36.3759,-42.2287,-16.972
-34.9844,-42.1452,-17.4904
-33.5579,-42.0707,-17.9287
-32.0881,-42.0177,-18.2283
-30.5872,-41.9811,-18.3555
-29.0761,-41.9461,-18.3216
-27.5668,-41.9032,-18.1791
-26.0592,-41.8528,-17.9871
-24.549,-41.801,-17.7906
-23.0332,-41.7534,-17.6161
-21.5114,-41.7125,-17.4745
-19.9848,-41.6783,-17.3672
-18.4546,-41.6494,-17.29
-16.9224,-41.6238,-17.2368
-15.3889,-41.6002,-17.2013
-13.8551,-41.5777,-17.178
-12.3214,-41.5557,-17.1625
-10.7883,-41.5343,-17.1514
-9.25606,-41.5134,-17.1421
-7.72489,-41.4934,-17.1331
-6.1949,-41.4746,-17.1233
-4.66611,-41.4571,-17.1123
-3.13851,-41.4412,-17.1001
-1.61204,-41.427,-17.0869
-0.0866408,-41.4147,-17.0734
1.43777,-41.4042,-17.06
2.96127,-41.3955,-17.0473
4.48394,-41.3886,-17.0359
6.00585,-41.3836,-17.026
7.52707,-41.3803,-17.0179
9.0477,-41.3788,-17.0114
10.5678,-41.3789,-17.0066
12.0875,-41.3807,-17.0033
13.6069,-41.384,-17.0012
15.126,-41.3887,-17
16.6451,-41.3947,-16.9996
18.1641,-41.4017,-16.9997
19.6831,-41.4097,-17.0001
21.2022,-41.4183,-17.0006
22.7214,-41.4274,-17.0012
24.2407,-41.4369,-17.0018
25.7602,-41.4464,-17.0022
27.2796,-41.4559,-17.0025
28.7991,-41.4652,-17.0025
30.3185,-41.4741,-17.0024
31.8377,-41.4827,-17.0022
33.3569,-41.4908,-17.0019
34.8758,-41.4984,-17.0015
36.3944,-41.5055,-17.0011
37.9128,-41.5121,-17.0008
39.4309,-41.5182,-17.0005
40.9486,-41.5237,-17.0003
42.466,-41.5288,-17.0001
43.983,-41.5334,-17
45.4997,-41.5376,-17
47.0161,-41.5414,-16.9999
48.5321,-41.5448,-16.9999
50.0478,-41.548,-17
51.5632,-41.5508,-17
53.0783,-41.5533,-17
54.5931,-41.5556,-17
56.1076,-41.5576,-17
57.6219,-41.5595,-17
59.136,-41.5611,-17
60.6498,-41.5626,-17
62.1635,-41.5639,-17
63.6769,-41.565,-17
65.1902,-41.5661,-17
66.7033,-41.567,-17
68.2162,-41.5677,-17
69.7288,-41.5684,-17
71.2406,-41.569,-17
72.75,-41.5692,-17
74.25,-41.5692,-17
75.75,-41.5692,-17
-75,-40.2702,-17
-73.5,-40.2702,-17
-72,-40.2702,-17
-70.4973,-40.305,-17.0077
-68.9943,-40.3762,-17.0629
-67.492,-40.4489,-17.1528
-65.9906,-40.5214,-17.258
-64.4895,-40.5921,-17.3626
-62.9888,-40.6599,-17.4604
-61.4889,-40.7244,-17.554
-59.9898,-40.7862,-17.6443
-58.4908,-40.847,-17.7229
-56.9931,-40.9106,-17.7791
-55.5,-40.9764,-17.8289
-54.0146,-41.0292,-17.9155
-52.5334,-41.0602,-17.9915
-51.0571,-41.0866,-17.8604
-49.6682,-41.1275,-17.3336
-48.4018,-41.1655,-16.5572
-47.0482,-41.1786,-15.959
-45.5691,-41.1444,-15.9585
-44.2099,-41.05,-16.544
-42.8128,-40.97,-17.0166
-41.3438,-40.9743,-16.9063
-39.9517,-41.0317,-16.4047
-38.4896,-41.0592,-16.1225
-37.0126,-41.036,-16.3437
-35.592,-40.978,-16.7881
-34.1859,-40.897,-17.2651
-32.7698,-40.8041,-17.7158
-31.3171,-40.728,-18.0573
-29.8275,-40.6763,-18.2323
-28.3208,-40.636,-18.2542
-26.8101,-40.5959,-18.1714
-25.2983,-40.5528,-18.0335
-23.7843,-40.5082,-17.8761
-22.2664,-40.4652,-17.722
-20.7442,-40.426,-17.5841
-19.218,-40.3915,-17.4687
-17.6885,-40.361,-17.3772
-16.1569,-40.3336,-17.3076
-14.6242,-40.308,-17.2562
-13.091,-40.2835,-17.2188
-11.5581,-40.2597,-17.1911
-10.026,-40.2366,-17.1696
-8.49478,-40.2143,-17.1517
-6.9647,-40.1931,-17.1355
-5.4358,-40.1733,-17.1199
-3.90806,-40.1551,-17.1042
-2.38142,-40.1386,-17.0884
-0.855819,-40.1241,-17.0727
0.668827,-40.1116,-17.0575
2.19259,-40.101,-17.0432
3.71553,-40.0923,-17.0302
5.23772,-40.0856,-17.0189
6.75922,-40.0809,-17.0096
8.28009,-40.078,-17.0022
9.80042,-40.0769,-16.9967
11.3203,-40.0777,-16.9929
12.8398,-40.0802,-16.9907
14.3591,-40.0843,-16.9898
15.8783,-40.0899,-16.9899
17.3974,-40.0968,-16.9908
18.9166,-40.1047,-16.9923
20.436,-40.1136,-16.994
21.9554,-40.1231,-16.9959
23.4751,-40.133,-16.9977
24.9949,-40.143,-16.9992
26.5148,-40.1531,-17.0005
28.0347,-40.1629,-17.0014
29.5546,-40.1725,-17.002
31.0745,-40.1816,-17.0022
32.5941,-40.1902,-17.0022
34.1136,-40.1983,-17.002
35.6328,-40.2057,-17.0017
37.1517,-40.2127,-17.0013
38.6703,-40.219,-17.0009
40.1885,-40.2248,-17.0006
41.7063,-40.23,-17.0003
43.2237,-40.2348,-17.0002
44.7408,-40.2391,-17
46.2575,-40.243,-17
47.7738,-40.2465,-16.9999
49.2898,-40.2496,-16.9999
50.8054,-40.2524,-17
52.3207,-40.255,-17
53.8357,-40.2572,-17
55.3505,-40.2592,-17
56.8649,-40.261,-17
58.3791,-40.2626,-17
59.8931,-40.264,-17
61.4068,-40.2653,-17
62.9204,-40.2664,-17
64.4337,-40.2673,-17
65.9469,-40.2681,-17
67.4599,-40.2688,-17
68.9728,-40.2694,-17
70.4859,-40.2698,-17
72,-40.2702,-17
73.5,-40.2702,-17
75,-40.2702,-17
-74.25,-38.9711,-17
-72.75,-38.9711,-17
-71.25,-38.9711,-17
-69.7462,-39.0443,-17.0709
-68.2437,-39.1192,-17.1737
-66.7422,-39.1942,-17.2901
-65.2403,-39.2673,-17.3972
-63.7379,-39.3372,-17.4845
-62.2355,-39.4037,-17.55
-60.7336,-39.4681,-17.5911
-59.233,-39.5335,-17.5996
-57.7357,-39.6045,-17.5734
-56.2436,-39.6795,-17.5422
-54.7581,-39.7426,-17.569
-53.283,-39.7787,-17.6711
-51.8103,-39.7961,-17.7317
-50.3545,-39.8222,-17.5034
-49.0145,-39.8515,-16.8874
-47.7325,-39.8617,-16.1622
-46.3136,-39.8562,-15.7773
-44.8621,-39.8084,-16.0146
-43.5089,-39.7081,-16.5824
-42.055,-39.668,-16.7709
-40.6298,-39.7223,-16.4157
-39.2038,-39.7701,-16.032
-37.7221,-39.7638,-16.0629
-36.2642,-39.734,-16.3321
-34.8246,-39.6907,-16.6785
-33.4069,-39.616,-17.0946
-31.9914,-39.5217,-17.5202
-30.5468,-39.4372,-17.8591
-29.0665,-39.3759,-18.0499
-27.5663,-39.3287,-18.1112
-26.0569,-39.2868,-18.0838
-24.5427,-39.2465,-18.0017
-23.025,-39.2066,-17.8881
-21.5043,-39.1679,-17.7604
-19.9805,-39.1313,-17.6326
-18.4536,-39.0976,-17.5152
-16.9241,-39.0669,-17.4144
-15.3928,-39.0385,-17.3324
-13.8604,-39.0116,-17.2684
-12.3279,-38.9857,-17.2197
-10.7958,-38.9605,-17.1826
-9.26462,-38.936,-17.1538
-7.73449,-38.9126,-17.1302
-6.20551,-38.8904,-17.1099
-4.67767,-38.8699,-17.0914
-3.15091,-38.8513,-17.0739
-1.62514,-38.8346,-17.0571
-0.100287,-38.8199,-17.0411
1.42372,-38.8074,-17.0261
2.94695,-38.7969,-17.0125
4.46944,-38.7885,-17.0005
5.99125,-38.782,-16.9905
7.51241,-38.7777,-16.9826
9.03299,-38.7753,-16.9768
10.5531,-38.7749,-16.973
12.0728,-38.7764,-16.9711
13.5922,-38.7798,-16.9708
15.1115,-38.7848,-16.972
16.6307,-38.7915,-16.9742
18.1501,-38.7994,-16.9774
19.6696,-38.8085,-16.981
21.1893,-38.8183,-16.9849
22.7092,-38.8287,-16.9887
24.2294,-38.8393,-16.9922
25.7497,-38.85,-16.9953
27.2701,-38.8606,-16.9979
28.7906,-38.8707,-16.9998
30.311,-38.8805,-17.0011
31.8312,-38.8896,-17.0018
33.3513,-38.8982,-17.0021
34.8711,-38.9061,-17.0021
36.3905,-38.9134,-17.0018
37.9096,-38.92,-17.0014
39.4283,-38.926,-17.001
40.9465,-38.9315,-17.0007
42.4644,-38.9364,-17.0004
43.9818,-38.9408,-17.0002
45.4989,-38.9448,-17.0001
47.0155,-38.9483,-17
48.5318,-38.9515,-17
50.0476,-38.9543,-16.9999
51.5632,-38.9568,-17
53.0784,-38.959,-17
54.5933,-38.961,-17
56.1079,-38.9628,-17
57.6222,-38.9643,-17
59.1363,-38.9657,-17
60.6502,-38.9668,-17
62.1638,-38.9679,-17
63.6772,-38.9687,-17
65.1905,-38.9694,-17
66.7035,-38.97,-17
68.2163,-38.9705,-17
69.7289,-38.9708,-17
71.2407,-38.9711,-17
72.75,-38.9711,-17
74.25,-38.9711,-17
75.75,-38.9711,-17
-75,-37.6721,-17
-73.5,-37.6721,-17
-72,-37.6721,-17
-70.4968,-37.7098,-17.0536
-68.9949,-37.7861,-17.1615
-67.4933,-37.8626,-17.285
-65.9902,-37.9371,-17.3879
-64.4859,-38.0088,-17.4574
-62.9815,-38.0781,-17.4901
-61.4785,-38.147,-17.4856
-59.9781,-38.2186,-17.4424
-58.4821,-38.2959,-17.365
-56.9906,-38.3757,-17.2834
-55.5028,-38.4443,-17.2606
-54.0245,-38.487,-17.3472
-52.5584,-38.5051,-17.4983
-51.0892,-38.5188,-17.5261
-49.6574,-38.5394,-17.2042
-48.3418,-38.5459,-16.5583
-47.0246,-38.5351,-15.9215
-45.5798,-38.5223,-15.7037
-44.1608,-38.4664,-16.0376
-42.7608,-38.3906,-16.4288
-41.3078,-38.4063,-16.3404
-39.8924,-38.4611,-15.9873
-38.4296,-38.4654,-15.9575
-36.9869,-38.4452,-16.2179
-35.5462,-38.4097,-16.4953
-34.0931,-38.3626,-16.6956
-32.6611,-38.2955,-17.0184
-31.2356,-38.2124,-17.3807
-29.7872,-38.1362,-17.6722
-28.3102,-38.0758,-17.8458
-26.8145,-38.0255,-17.9246
-25.3069,-37.9809,-17.9385
-23.7912,-37.9402,-17.9051
-22.2703,-37.9022,-17.8344
-20.7462,-37.8662,-17.7364
-19.2199,-37.832,-17.624
-17.6915,-37.7996,-17.5101
-16.1613,-37.7691,-17.4052
-14.6298,-37.7402,-17.3152
-13.0978,-37.7124,-17.2422
-11.5659,-37.6853,-17.1853
-10.0347,-37.6588,-17.1416
-8.5045,-37.6332,-17.1079
-6.97545,-37.6089,-17.0812
-5.44753,-37.5861,-17.059
-3.92068,-37.5651,-17.0397
-2.39478,-37.5462,-17.0222
-0.869736,-37.5295,-17.0061
0.654521,-37.5149,-16.9913
2.17805,-37.5025,-16.9779
3.70088,-37.4923,-16.9661
5.22305,-37.4841,-16.9562
6.74456,-37.4781,-16.9484
8.26547,-37.4742,-16.9428
9.78584,-37.4725,-16.9395
11.3058,-37.4729,-16.9384
12.8253,-37.4753,-16.9393
14.3447,-37.4797,-16.9421
15.8641,-37.486,-16.9464
17.3835,-37.4938,-16.9519
18.9031,-37.5029,-16.9583
20.423,-37.5131,-16.9652
21.9432,-37.524,-16.9721
23.4637,-37.5353,-16.9788
24.9844,-37.5467,-16.9848
26.5053,-37.558,-16.99
28.0263,-37.5689,-16.9943
29.5473,-37.5793,-16.9975
31.0682,-37.5891,-16.9998
32.5888,-37.5983,-17.0012
34.1092,-37.6067,-17.0019
35.6292,-37.6143,-17.0021
37.1488,-37.6213,-17.0019
38.668,-37.6276,-17.0016
40.1868,-37.6332,-17.0012
41.7051,-37.6383,-17.0008
43.2229,-37.6428,-17.0005
44.7403,-37.6468,-17.0002
46.2572,-37.6504,-17.0001
47.7738,-37.6536,-17
49.2899,-37.6564,-17
50.8057,-37.6589,-16.9999
52.3211,-37.6611,-17
53.8362,-37.663,-17
55.3509,-37.6647,-17
56.8654,-37.6662,-17
58.3796,-37.6675,-17
59.8936,-37.6685,-17
61.4073,-37.6695,-17
62.9208,-37.6703,-17
64.4341,-37.6709,-17
65.9472,-37.6714,-17
67.4601,-37.6718,-17
68.973,-37.672,-17
70.486,-37.6721,-17
72,-37.6721,-17
73.5,-37.6721,-17
75,-37.6721,-17
-74.25,-36.3731,-17
-72.75,-36.3731,-17
-71.25,-36.3731,-17
-69.7469,-36.4507,-17.1242
-68.244,-36.5282,-17.2441
-66.7396,-36.604,-17.3374
-65.2339,-36.6779,-17.3859
-63.7288,-36.7511,-17.3861
-62.2261,-36.8254,-17.3437
-60.7268,-36.9026,-17.2653
-59.2315,-36.9833,-17.1626
-57.739,-37.0628,-17.0642
-56.2482,-37.1304,-17.0242
-54.7644,-37.176,-17.0976
-53.2965,-37.2002,-17.2781
-51.8331,-37.2137,-17.4519
-50.364,-37.2283,-17.4066
-48.96,-37.237,-16.9855
-47.652,-37.2224,-16.3333
-46.3007,-37.1981,-15.7869
-44.8525,-37.1806,-15.6646
-43.4345,-37.1355,-15.9518
-41.9995,-37.1081,-16.1083
-40.5681,-37.1429,-15.905
-39.1181,-37.1526,-15.8537
-37.7034,-37.1464,-16.1948
-36.2703,-37.1187,-16.4541
-34.8249,-37.0728,-16.6367
-33.3715,-37.0201,-16.739
-31.9365,-36.9539,-17.0066
-30.5015,-36.8823,-17.3057
-29.0451,-36.8193,-17.5377
-27.5651,-36.7679,-17.6708
-26.0687,-36.7224,-17.737
-24.5601,-36.679,-17.7642
-23.0425,-36.6377,-17.761
-21.5186,-36.5996,-17.7245
-19.991,-36.5644,-17.6552
-18.4616,-36.5314,-17.5613
-16.9311,-36.4999,-17.4561
-15.3998,-36.4695,-17.3522
-13.8681,-36.4401,-17.2589
-12.3364,-36.4112,-17.1809
-10.8052,-36.3829,-17.1189
-9.27495,-36.3553,-17.0713
-7.74583,-36.3288,-17.0349
-6.21785,-36.3038,-17.0067
-4.69092,-36.2806,-16.9841
-3.16492,-36.2595,-16.9652
-1.63972,-36.2406,-16.949
-0.115218,-36.224,-16.9346
1.40863,-36.2097,-16.9219
2.93186,-36.1975,-16.9109
4.45446,-36.1876,-16.9019
5.97642,-36.1798,-16.8949
7.49776,-36.1743,-16.8903
9.0185,-36.171,-16.888
10.5387,-36.1699,-16.8883
12.0585,-36.1712,-16.8911
13.578,-36.1747,-16.8961
15.0974,-36.1803,-16.9032
16.6169,-36.1879,-16.9121
18.1366,-36.197,-16.9223
19.6566,-36.2075,-16.9333
21.177,-36.2189,-16.9446
22.6978,-36.2309,-16.9557
24.2189,-36.2431,-16.9661
25.7403,-36.2552,-16.9754
27.2619,-36.2669,-16.9834
28.7835,-36.2782,-16.9898
30.305,-36.2887,-16.9947
31.8263,-36.2984,-16.9981
33.3473,-36.3074,-17.0003
34.8679,-36.3155,-17.0015
36.3881,-36.3228,-17.002
37.9078,-36.3294,-17.002
39.427,-36.3352,-17.0017
40.9458,-36.3404,-17.0013
42.464,-36.3451,-17.0009
43.9818,-36.3491,-17.0005
45.499,-36.3527,-17.0003
47.0159,-36.3559,-17.0001
48.5323,-36.3587,-17
50.0482,-36.3612,-17
51.5639,-36.3633,-16.9999
53.0791,-36.3652,-17
54.594,-36.3668,-17
56.1086,-36.3682,-17
57.6229,-36.3694,-17
59.137,-36.3704,-17
60.6508,-36.3713,-17
62.1644,-36.372,-17
63.6777,-36.3725,-17
65.1909,-36.3729,-17
66.7038,-36.3732,-17
68.2166,-36.3733,-17
69.729,-36.3733,-17
71.2408,-36.3732,-17
72.75,-36.3731,-17
74.25,-36.3731,-17
75.75,-36.3731,-17
-75,-35.074,-17
-73.5,-35.074,-17
-72,-35.074,-17
-70.4969,-35.1137,-17.0755
-68.9938,-35.1924,-17.1781
-67.489,-35.2696,-17.261
-65.9828,-35.346,-17.2878
-64.478,-35.4232,-17.2597
-62.9764,-35.5023,-17.1875
-61.4782,-35.5835,-17.0866
-59.9828,-35.6649,-16.9752
-58.4883,-35.7416,-16.8819
-56.9944,-35.8056,-16.8514
-55.5067,-35.852,-16.9312
-54.0353,-35.8824,-17.1289
-52.5752,-35.9029,-17.3727
-51.1037,-35.9177,-17.4973
-49.6434,-35.9266,-17.3129
-48.2698,-35.9197,-16.8001
-46.953,-35.8892,-16.1685
-45.5677,-35.8549,-15.7256
-44.1219,-35.8345,-15.6466
-42.6877,-35.818,-15.7956
-41.2477,-35.8201,-15.7985
-39.8041,-35.8288,-15.7819
-38.3813,-35.8312,-16.0529
-36.9773,-35.8163,-16.4059
-35.5355,-35.7745,-16.5245
-34.0929,-35.7244,-16.6128
-32.6491,-35.671,-16.732
-31.2257,-35.6029,-17.0337
-29.7867,-35.5403,-17.3098
-28.3197,-35.4909,-17.4828
-26.8312,-35.453,-17.5484
-25.3289,-35.4185,-17.5657
-23.8161,-35.3809,-17.5752
-22.2951,-35.3407,-17.581
-20.7681,-35.3015,-17.5673
-19.2372,-35.2654,-17.5227
-17.7047,-35.232,-17.4485
-16.172,-35.2002,-17.3555
-14.6395,-35.1693,-17.2573
-13.1076,-35.1388,-17.1653
-11.5763,-35.1087,-17.0862
-10.046,-35.0791,-17.0225
-8.51686,-35.0505,-16.9732
-6.98884,-35.0233,-16.9358
-5.46187,-34.9979,-16.9073
-3.93579,-34.9747,-16.8851
-2.41045,-34.9537,-16.8673
-0.885716,-34.9351,-16.8527
0.638475,-34.9188,-16.8406
2.16214,-34.9048,-16.8306
3.68527,-34.893,-16.8228
5.2078,-34.8834,-16.8173
6.72971,-34.876,-16.8142
8.25098,-34.8709,-16.8138
9.77163,-34.8682,-16.8163
11.2918,-34.868,-16.8216
12.8115,-34.8703,-16.8297
14.331,-34.875,-16.8404
15.8505,-34.8819,-16.8536
17.3702,-34.8909,-16.8686
18.8903,-34.9016,-16.8851
20.4108,-34.9134,-16.9022
21.9318,-34.9261,-16.9193
23.4533,-34.9391,-16.9358
24.9752,-34.9521,-16.9509
26.4973,-34.9648,-16.9643
28.0195,-34.9769,-16.9755
29.5416,-34.9883,-16.9846
31.0636,-34.9987,-16.9914
32.5853,-35.0083,-16.9962
34.1066,-35.0169,-16.9993
35.6274,-35.0246,-17.0011
37.1477,-35.0315,-17.0019
38.6674,-35.0375,-17.002
40.1866,-35.0429,-17.0018
41.7052,-35.0476,-17.0013
43.2233,-35.0517,-17.0009
44.7409,-35.0554,-17.0005
46.2581,-35.0585,-17.0003
47.7747,-35.0613,-17.0001
49.2909,-35.0637,-17
50.8067,-35.0658,-17
52.3221,-35.0676,-16.9999
53.8372,-35.0691,-17
55.3519,-35.0704,-17
56.8663,-35.0715,-17
58.3805,-35.0725,-17
59.8944,-35.0732,-17
61.408,-35.0738,-17
62.9214,-35.0743,-17
64.4346,-35.0746,-17
65.9476,-35.0747,-17
67.4605,-35.0747,-17
68.9732,-35.0746,-17
70.4861,-35.0744,-17
72,-35.074,-17
73.5,-35.074,-17
75,-35.074,-17
-74.25,-33.775,-17
-72.75,-33.775,-17
-71.25,-33.775,-17
-69.7455,-33.8551,-17.11
-68.2395,-33.934,-17.176
-66.7331,-34.0128,-17.1831
-65.2289,-34.0932,-17.1324
-63.7284,-34.1757,-17.0384
-62.2309,-34.2588,-16.9236
-60.7348,-34.3395,-16.8125
-59.2383,-34.4128,-16.7344
-57.7421,-34.474,-16.7271
-56.2526,-34.5216,-16.8279
-54.7796,-34.5585,-17.0446
-53.3203,-34.5875,-17.3227
-51.8526,-34.6063,-17.5336
-50.3745,-34.6136,-17.5114
-48.9438,-34.6109,-17.1677
-47.591,-34.5913,-16.6086
-46.2378,-34.5515,-16.0708
-44.8219,-34.5116,-15.7665
-43.3796,-34.4929,-15.7248
-41.9397,-34.4919,-15.781
-40.4996,-34.4993,-15.8222
-39.0661,-34.5116,-15.9674
-37.6675,-34.5048,-16.3224
-36.2293,-34.4756,-16.3403
-34.7931,-34.435,-16.346
-33.3613,-34.3778,-16.4759
-31.9354,-34.3171,-16.7137
-30.5284,-34.2491,-17.0932
-29.0814,-34.1989,-17.3611
-27.599,-34.165,-17.4605
-26.1004,-34.1418,-17.4365
-24.5913,-34.1193,-17.3862
-23.0729,-34.0885,-17.3651
-21.5477,-34.0499,-17.3695
-20.0173,-34.0093,-17.3707
-18.4834,-33.971,-17.3463
-16.9483,-33.9356,-17.291
-15.4137,-33.9019,-17.2123
-13.8804,-33.8691,-17.1233
-12.3485,-33.8368,-17.0365
-10.818,-33.8051,-16.9599
-9.28875,-33.7743,-16.8971
-7.76072,-33.7449,-16.8481
-6.23374,-33.7175,-16.8107
-4.70763,-33.6922,-16.7824
-3.18217,-33.6693,-16.7609
-1.65722,-33.6488,-16.7443
-0.132676,-33.6307,-16.7316
1.39148,-33.6148,-16.722
2.91523,-33.6012,-16.7153
4.43847,-33.5896,-16.7113
5.96113,-33.5803,-16.7103
7.48312,-33.5732,-16.7124
9.00441,-33.5685,-16.7177
10.525,-33.5664,-16.7264
12.0451,-33.567,-16.7384
13.5648,-33.5704,-16.7537
15.0844,-33.5764,-16.772
16.6041,-33.5849,-16.7931
18.1242,-33.5955,-16.8162
19.6448,-33.6077,-16.8406
21.166,-33.621,-16.8655
22.6877,-33.6348,-16.8898
24.21,-33.6488,-16.9128
25.7326,-33.6625,-16.9337
27.2554,-33.6756,-16.9518
28.7783,-33.6879,-16.9669
30.301,-33.6991,-16.9789
31.8233,-33.7094,-16.9879
33.3453,-33.7185,-16.9942
34.8667,-33.7267,-16.9983
36.3876,-33.7339,-17.0006
37.9079,-33.7402,-17.0017
39.4275,-33.7457,-17.002
40.9466,-33.7505,-17.0018
42.4651,-33.7546,-17.0014
43.983,-33.7583,-17.001
45.5004,-33.7614,-17.0006
47.0173,-33.7641,-17.0003
48.5337,-33.7664,-17.0001
50.0497,-33.7684,-17
51.5652,-33.7702,-17
53.0804,-33.7716,-17
54.5953,-33.7728,-17
56.1098,-33.7738,-17
57.624,-33.7747,-17
59.138,-33.7753,-17
60.6517,-33.7758,-17
62.1652,-33.7762,-17
63.6784,-33.7764,-17
65.1914,-33.7764,-17
66.7043,-33.7763,-17
68.2169,-33.7761,-17
69.7293,-33.7758,-17
71.2409,-33.7753,-17
72.75,-33.775,-17
74.25,-33.775,-17
75.75,-33.775,-17
-75,-32.476,-17
-73.5,-32.476,-17
-72,-32.476,-17
-70.4957,-32.5166,-17.0565
-68.9902,-32.5971,-17.0965
-67.4843,-32.6776,-17.0897
-65.9808,-32.76,-17.0215
-64.4812,-32.8441,-16.9124
-62.9839,-32.9276,-16.7897
-61.4868,-33.0068,-16.6827
-59.9887,-33.0777,-16.622
-58.4913,-33.1377,-16.6404
-57.0019,-33.1878,-16.7663
-55.5291,-33.2316,-17.0024
-54.0703,-33.2691,-17.2996
-52.6049,-33.293,-17.5495
-51.1237,-33.2993,-17.6122
-49.6648,-33.2956,-17.3959
-48.2694,-33.2848,-16.9489
-46.9034,-33.2568,-16.4464
-45.497,-33.2183,-16.115
-44.0671,-33.1885,-15.9904
-42.6355,-33.1812,-16.0027
-41.2037,-33.1882,-16.0428
-39.7742,-33.2035,-16.1293
-38.3437,-33.1923,-16.1797
-36.9188,-33.1624,-16.3063
-35.4957,-33.1332,-16.1416
-34.0593,-33.0964,-16.1069
-32.6381,-33.0298,-16.3439
-31.2415,-32.9602,-16.7386
-29.8359,-32.9015,-17.157
-28.3697,-32.8676,-17.3788
-26.8721,-32.8513,-17.3795
-25.3669,-32.8428,-17.2682
-23.8523,-32.8296,-17.167
-22.3283,-32.8032,-17.1271
-20.7985,-32.7652,-17.1321
-19.2647,-32.7229,-17.1444
-17.7283,-32.6814,-17.1358
-16.1915,-32.6422,-17.097
-14.6559,-32.6051,-17.0327
-13.1225,-32.5692,-16.955
-11.5912,-32.5343,-16.8759
-10.0618,-32.5008,-16.8043
-8.53371,-32.469,-16.7443
-7.00678,-32.4393,-16.6965
-5.48067,-32.4121,-16.6594
-3.95514,-32.3875,-16.6312
-2.43,-32.3654,-16.61
-0.905108,-32.3458,-16.5944
0.619583,-32.3284,-16.5835
2.14403,-32.313,-16.5768
3.66814,-32.2997,-16.5739
5.19174,-32.2883,-16.575
6.7147,-32.279,-16.5798
8.2369,-32.272,-16.5887
9.75831,-32.2676,-16.6014
11.279,-32.266,-16.6182
12.7991,-32.2675,-16.6389
14.3188,-32.272,-16.6634
15.8385,-32.2795,-16.6914
17.3586,-32.2897,-16.7224
18.8791,-32.3019,-16.7555
20.4004,-32.3157,-16.7898
21.9223,-32.3304,-16.824
23.4449,-32.3454,-16.8569
24.9681,-32.3601,-16.8875
26.4915,-32.3743,-16.9149
28.015,-32.3875,-16.9384
29.5384,-32.3997,-16.9578
31.0615,-32.4107,-16.973
32.5841,-32.4205,-16.9843
34.1062,-32.4291,-16.9922
35.6277,-32.4366,-16.9972
37.1485,-32.4431,-17.0002
38.6687,-32.4488,-17.0016
40.1881,-32.4537,-17.002
41.707,-32.4579,-17.0018
43.2252,-32.4615,-17.0014
44.7429,-32.4646,-17.001
46.26,-32.4672,-17.0006
47.7766,-32.4694,-17.0003
49.2928,-32.4713,-17.0001
50.8085,-32.473,-17
52.3238,-32.4743,-17
53.8388,-32.4754,-17
55.3534,-32.4763,-17
56.8677,-32.477,-17
58.3817,-32.4776,-17
59.8955,-32.478,-17
61.409,-32.4782,-17
62.9222,-32.4783,-17
64.4353,-32.4783,-17
65.9482,-32.4781,-17
67.4609,-32.4778,-17
68.9735,-32.4773,-17
70.4863,-32.4767,-17
72,-32.476,-17
73.5,-32.476,-17
75,-32.476,-17
-74.25,-31.1769,-17
-72.75,-31.1769,-17
-71.25,-31.1769,-17
-69.7428,-31.2585,-17.0396
-68.2365,-31.34,-17.0188
-66.7334,-31.4233,-16.938
-65.2341,-31.5076,-16.8193
-63.7367,-31.5904,-16.6924
-62.2388,-31.6681,-16.5902
-60.7395,-31.7375,-16.5444
-59.2418,-31.7979,-16.5847
-57.7533,-31.8516,-16.7324
-56.2817,-31.902,-16.9843
-54.8233,-31.9473,-17.2926
-53.3584,-31.977,-17.5572
-51.8765,-31.9845,-17.6533
-50.4064,-31.9794,-17.5046
-48.9838,-31.9717,-17.1462
-47.5928,-31.954,-16.7169
-46.177,-31.9252,-16.4293
-44.7456,-31.9072,-16.3618
-43.3234,-31.9051,-16.4
-41.9025,-31.9081,-16.4219
-40.4765,-31.9119,-16.4212
-39.0476,-31.8984,-16.3869
-37.6273,-31.8547,-16.2421
-36.2096,-31.8175,-16.0981
-34.7822,-31.7782,-15.9863
-33.3444,-31.7365,-15.9729
-31.9327,-31.6756,-16.2934
-30.5574,-31.6103,-16.7844
-29.1329,-31.5684,-17.1759
-27.6438,-31.5543,-17.2943
-26.1397,-31.556,-17.1897
-24.6309,-31.5584,-17.024
-23.1103,-31.5489,-16.91
-21.5805,-31.523,-16.8722
-20.0462,-31.4844,-16.8826
-18.5094,-31.4398,-16.9023
-16.9715,-31.3944,-16.9042
-15.4341,-31.3505,-16.878
-13.8988,-31.3086,-16.8265
-12.3662,-31.2688,-16.76
-10.8362,-31.2311,-16.6896
-9.30801,-31.1959,-16.6237
-7.78118,-31.1637,-16.5666
-6.25517,-31.1344,-16.5196
-4.72963,-31.1083,-16.482
-3.20434,-31.085,-16.4529
-1.67912,-31.0643,-16.4313
-0.153895,-31.0459,-16.4163
1.37133,-31.0293,-16.4072
2.89643,-31.0145,-16.4039
4.42121,-31.0012,-16.406
5.94541,-30.9896,-16.4135
7.46884,-30.98,-16.426
8.99138,-30.9728,-16.4436
10.513,-30.9685,-16.4659
12.0337,-30.9673,-16.4929
13.5538,-30.9696,-16.5244
15.0737,-30.9755,-16.5603
16.5937,-30.9847,-16.6002
18.1142,-30.9966,-16.6432
19.6354,-31.0106,-16.6883
21.1574,-31.026,-16.7341
22.6803,-31.0419,-16.7791
24.2038,-31.0578,-16.8219
25.7278,-31.0731,-16.861
27.2519,-31.0874,-16.8956
28.776,-31.1005,-16.9249
30.2999,-31.1123,-16.9488
31.8232,-31.1227,-16.9673
33.346,-31.1318,-16.9809
34.8681,-31.1397,-16.9903
36.3894,-31.1465,-16.9963
37.91,-31.1523,-16.9997
39.4299,-31.1572,-17.0014
40.9491,-31.1614,-17.0019
42.4677,-31.165,-17.0018
43.9856,-31.168,-17.0014
45.5029,-31.1706,-17.001
47.0197,-31.1727,-17.0006
48.536,-31.1745,-17.0003
50.0519,-31.176,-17.0001
51.5673,-31.1772,-17
53.0824,-31.1782,-17
54.5971,-31.179,-17
56.1114,-31.1796,-17
57.6255,-31.18,-17
59.1393,-31.1803,-17
60.6528,-31.1804,-17
62.1662,-31.1804,-17
63.6792,-31.1802,-17
65.1921,-31.1799,-17
66.7048,-31.1795,-17
68.2173,-31.179,-17
69.7295,-31.1783,-17
71.241,-31.1774,-17
72.75,-31.1769,-17
74.25,-31.1769,-17
75.75,-31.1769,-17
-75,-29.8779,-17
-73.5,-29.8779,-17
-72,-29.8779,-17
-70.4942,-29.9188,-17.0115
-68.989,-30.0008,-16.9746
-67.4861,-30.0839,-16.8872
-65.9869,-30.1674,-16.7629
-64.4892,-30.2489,-16.6339
-62.9905,-30.3252,-16.5353
-61.4905,-30.394,-16.4999
-59.993,-30.4556,-16.5552
-58.5054,-30.5131,-16.7176
-57.0347,-30.5693,-16.9796
-55.5764,-30.6213,-17.293
-54.1111,-30.6573,-17.5614
-52.628,-30.6689,-17.6641
-51.1532,-30.6664,-17.5335
-49.7154,-30.6612,-17.222
-48.301,-30.6473,-16.858
-46.8736,-30.6228,-16.5999
-45.4323,-30.6063,-16.587
-44.0106,-30.6129,-16.7376
-42.5942,-30.6238,-16.8231
-41.1729,-30.6316,-16.7979
-39.7467,-30.6188,-16.6975
-38.3369,-30.5656,-16.4797
-36.9402,-30.5036,-16.1926
-35.5133,-30.4629,-16.1317
-34.0965,-30.4121,-15.9009
-32.654,-30.3694,-15.9497
-31.2479,-30.3221,-16.3196
-29.8675,-30.2754,-16.8211
-28.4109,-30.2564,-17.1122
-26.91,-30.2635,-17.0949
-25.4057,-30.2772,-16.9207
-23.8909,-30.2815,-16.7509
-22.363,-30.2698,-16.6543
-20.8278,-30.2423,-16.6284
-19.29,-30.2026,-16.6418
-17.7514,-30.1556,-16.6623
-16.2133,-30.1061,-16.6677
-14.6767,-30.057,-16.6486
-13.1429,-30.0101,-16.6062
-11.6121,-29.9663,-16.5486
-10.0838,-29.9263,-16.4852
-8.55712,-29.8905,-16.4235
-7.03132,-29.8588,-16.3676
-5.50591,-29.8312,-16.3192
-3.98048,-29.8071,-16.2793
-2.45499,-29.7859,-16.2479
-0.929292,-29.7672,-16.2246
0.596721,-29.7502,-16.21
2.1229,-29.7345,-16.2032
3.64908,-29.7199,-16.2041
5.17483,-29.7063,-16.2126
6.69986,-29.694,-16.2284
8.22394,-29.6837,-16.251
9.74693,-29.6758,-16.2796
11.2688,-29.6712,-16.3136
12.7896,-29.6705,-16.3529
14.3098,-29.6738,-16.3973
15.8298,-29.6813,-16.4468
17.3502,-29.6923,-16.5007
18.8713,-29.7062,-16.5579
20.3934,-29.722,-16.6168
21.9164,-29.7388,-16.6757
23.4402,-29.7557,-16.7328
24.9646,-29.7721,-16.7862
26.4894,-29.7876,-16.8345
28.0141,-29.8017,-16.8766
29.5386,-29.8143,-16.912
31.0627,-29.8254,-16.9403
32.5861,-29.835,-16.9621
34.1088,-29.8433,-16.9779
35.6307,-29.8503,-16.9887
37.1517,-29.8562,-16.9955
38.672,-29.8612,-16.9994
40.1916,-29.8654,-17.0013
41.7104,-29.8689,-17.0019
43.2285,-29.8718,-17.0018
44.7461,-29.8742,-17.0014
46.263,-29.8762,-17.0009
47.7795,-29.8779,-17.0005
49.2955,-29.8792,-17.0002
50.811,-29.8803,-17.0001
52.3261,-29.8812,-17
53.8409,-29.8818,-17
55.3553,-29.8823,-17
56.8694,-29.8826,-17
58.3833,-29.8827,-17
59.8968,-29.8827,-17
61.4101,-29.8826,-17
62.9233,-29.8823,-17
64.4362,-29.8819,-17
65.9489,-29.8814,-17
67.4614,-29.8808,-17
68.9739,-29.88,-17
70.4864,-29.879,-17
72,-29.8779,-17
73.5,-29.8779,-17
75,-29.8779,-17
-74.25,-28.5788,-17
-72.75,-28.5788,-17
-71.25,-28.5788,-17
-69.7426,-28.6606,-16.9593
-68.239,-28.7428,-16.869
-66.7394,-28.8251,-16.742
-65.2413,-28.9051,-16.6122
-63.7422,-28.9802,-16.5153
-62.2418,-29.0488,-16.4849
-60.7442,-29.1119,-16.5475
-59.257,-29.1726,-16.7164
-57.7861,-29.2333,-16.9813
-56.3271,-29.2906,-17.295
-54.861,-29.3331,-17.5643
-53.376,-29.3515,-17.6656
-51.8983,-29.3559,-17.5308
-50.4516,-29.3564,-17.2332
-49.0179,-29.3441,-16.9128
-47.5764,-29.3208,-16.6747
-46.1244,-29.3004,-16.6125
-44.6895,-29.2868,-16.7753
-43.2825,-29.2906,-17.0284
-41.8624,-29.3091,-17.0629
-40.4427,-29.3274,-16.9774
-39.0191,-29.3215,-16.9569
-37.6328,-29.2465,-16.6698
-36.2718,-29.1557,-16.2703
-34.8406,-29.1141,-16.1936
-33.4279,-29.0478,-15.9169
-31.9781,-29.0087,-15.9979
-30.5748,-28.979,-16.4092
-29.1614,-28.9594,-16.8339
-27.6771,-28.9651,-16.9688
-26.1752,-28.985,-16.8528
-24.6659,-28.9985,-16.6704
-23.1426,-28.9984,-16.5283
-21.6086,-28.9837,-16.4521
-20.0701,-28.9548,-16.429
-18.5307,-28.914,-16.4343
-16.992,-28.8649,-16.4451
-15.4551,-28.8116,-16.4448
-13.9208,-28.7578,-16.4249
-12.3896,-28.7066,-16.3855
-10.8612,-28.6601,-16.3319
-9.33474,-28.6194,-16.2711
-7.80926,-28.5845,-16.2095
-6.28409,-28.555,-16.1514
-4.75894,-28.5307,-16.0984
-3.23285,-28.5095,-16.0525
-1.70667,-28.4908,-16.0184
-0.180222,-28.4745,-15.9933
1.34699,-28.4597,-15.9773
2.87504,-28.4449,-15.9741
4.40237,-28.4295,-15.9806
5.92938,-28.4149,-15.9972
7.4555,-28.4014,-16.0237
8.98042,-28.3896,-16.0588
10.5039,-28.3808,-16.1006
12.026,-28.3758,-16.1481
13.5469,-28.3755,-16.2015
15.0673,-28.3802,-16.2611
16.5877,-28.3896,-16.3265
18.1087,-28.4028,-16.3966
19.6306,-28.4187,-16.4698
21.1537,-28.4362,-16.544
22.6778,-28.4542,-16.6171
24.2025,-28.4718,-16.6869
25.7277,-28.4883,-16.7516
27.253,-28.5034,-16.8094
28.7781,-28.5169,-16.8591
30.3027,-28.5286,-16.9003
31.8267,-28.5387,-16.933
33.35,-28.5473,-16.9578
34.8724,-28.5545,-16.9755
36.3939,-28.5606,-16.9875
37.9145,-28.5656,-16.9949
39.4344,-28.5697,-16.9991
40.9535,-28.5731,-17.0011
42.4718,-28.5759,-17.0018
43.9895,-28.5782,-17.0017
45.5066,-28.58,-17.0013
47.0232,-28.5815,-17.0009
48.5393,-28.5827,-17.0005
50.0549,-28.5836,-17.0002
51.5701,-28.5843,-17.0001
53.0849,-28.5848,-17
54.5993,-28.5851,-17
56.1135,-28.5853,-17
57.6273,-28.5853,-17
59.1409,-28.5852,-17
60.6542,-28.5849,-17
62.1673,-28.5846,-17
63.6802,-28.5841,-17
65.1929,-28.5834,-17
66.7054,-28.5827,-17
68.2178,-28.5818,-17
69.7298,-28.5807,-17
71.2411,-28.5795,-17
72.75,-28.5788,-17
74.25,-28.5788,-17
75.75,-28.5788,-17
-75,-27.2798,-17
-73.5,-27.2798,-17
-72,-27.2798,-17
-70.4943,-27.3205,-16.9682
-68.9913,-27.4015,-16.8783
-67.4915,-27.4822,-16.7515
-65.9931,-27.5606,-16.622
-64.4937,-27.6346,-16.525
-62.9931,-27.7033,-16.4946
-61.4952,-27.7676,-16.557
-60.0073,-27.8307,-16.7242
-58.5349,-27.8944,-16.9851
-57.0737,-27.9556,-17.2944
-55.6063,-28.0039,-17.5646
-54.1197,-28.0308,-17.6723
-52.6373,-28.0435,-17.5429
-51.1811,-28.0507,-17.2595
-49.7297,-28.042,-16.9783
-48.2746,-28.0214,-16.7573
-46.8164,-28.002,-16.6159
-45.3605,-27.9862,-16.5873
-43.9386,-27.9542,-16.8256
-42.5307,-27.9492,-17.0459
-41.1179,-27.9913,-16.971
-39.7264,-28.0133,-17.1245
-38.3409,-27.9755,-17.1067
-36.9865,-27.8994,-16.7631
-35.6268,-27.8207,-16.352
-34.1981,-27.765,-16.2203
-32.7655,-27.6975,-15.98
-31.3164,-27.6622,-16.1749
-29.8977,-27.6533,-16.5626
-28.4386,-27.6594,-16.8282
-26.9405,-27.6807,-16.8375
-25.4318,-27.7008,-16.7069
-23.9131,-27.7095,-16.5511
-22.3836,-27.7052,-16.4271
-20.8473,-27.6876,-16.3472
-19.3086,-27.657,-16.3041
-17.7702,-27.6147,-16.2836
-16.2335,-27.5633,-16.2703
-14.6994,-27.5068,-16.2522
-13.1682,-27.4496,-16.2214
-11.6401,-27.396,-16.1758
-10.1142,-27.3492,-16.1188
-8.58912,-27.3101,-16.055
-7.06422,-27.2781,-15.9888
-5.53936,-27.2529,-15.9225
-4.0132,-27.2318,-15.8616
-2.48678,-27.2142,-15.8118
-0.959186,-27.1994,-15.7689
0.569107,-27.1857,-15.7443
2.09766,-27.1727,-15.7281
3.62759,-27.1587,-15.7269
5.15658,-27.1429,-15.7389
6.68507,-27.1263,-15.7665
8.21277,-27.1108,-15.8069
9.73869,-27.0972,-15.856
11.2627,-27.0869,-15.9118
12.7851,-27.0818,-15.9736
14.3062,-27.0824,-16.0432
15.8269,-27.089,-16.1203
17.3478,-27.1007,-16.2039
18.8697,-27.1165,-16.2922
20.3928,-27.1345,-16.3827
21.917,-27.1535,-16.4731
23.442,-27.1723,-16.5611
24.9675,-27.1899,-16.6442
26.4932,-27.206,-16.7201
28.0187,-27.2202,-16.7872
29.5437,-27.2326,-16.8443
31.0682,-27.2431,-16.891
32.5919,-27.252,-16.9275
34.1147,-27.2593,-16.9547
35.6366,-27.2654,-16.974
37.1575,-27.2704,-16.9868
38.6776,-27.2744,-16.9947
40.1969,-27.2777,-16.999
41.7155,-27.2803,-17.0011
43.2333,-27.2824,-17.0017
44.7505,-27.2841,-17.0016
46.2672,-27.2854,-17.0012
47.7833,-27.2864,-17.0008
49.299,-27.2872,-17.0004
50.8142,-27.2877,-17.0002
52.329,-27.288,-17
53.8435,-27.2882,-17
55.3577,-27.2882,-17
56.8715,-27.2881,-17
58.3851,-27.2878,-17
59.8984,-27.2874,-17
61.4115,-27.2869,-17
62.9244,-27.2863,-17
64.4371,-27.2856,-17
65.9496,-27.2847,-17
67.462,-27.2837,-17
68.9742,-27.2826,-17
70.4866,-27.2813,-17
72,-27.2798,-17
73.5,-27.2798,-17
75,-27.2798,-17
-74.25,-25.9808,-17
-72.75,-25.9808,-17
-71.25,-25.9808,-17
-69.7446,-26.0608,-16.9059
-68.2435,-26.1399,-16.7846
-66.7446,-26.2168,-16.6564
-65.2451,-26.2898,-16.558
-63.7443,-26.3583,-16.5237
-62.2459,-26.4235,-16.5797
-60.7563,-26.488,-16.7379
-59.2809,-26.5534,-16.9879
-57.8161,-26.6169,-17.288
-56.3465,-26.6702,-17.5591
-54.8585,-26.7055,-17.6874
-53.3691,-26.7274,-17.5902
-51.9009,-26.7412,-17.329
-50.424,-26.7411,-17.1431
-48.9479,-26.7345,-17.0104
-47.4912,-26.712,-16.7711
-46.0404,-26.6946,-16.5027
-44.5802,-26.6922,-16.3805
-43.1589,-26.6412,-16.6475
-41.7344,-26.669,-16.7326
-40.3153,-26.6901,-16.8381
-39.0668,-26.6875,-17.509
-37.7925,-26.5952,-16.9017
-36.4222,-26.5512,-16.5882
-35.0026,-26.4922,-16.4353
-33.5759,-26.4296,-16.1269
-32.1159,-26.3823,-16.2901
-30.6649,-26.3485,-16.5215
-29.2017,-26.3499,-16.7698
-27.7071,-26.372,-16.8963
-26.1925,-26.4023,-16.8807
-24.6704,-26.423,-16.7728
-23.1441,-26.4264,-16.6249
-21.6137,-26.4136,-16.4786
-20.0798,-26.3881,-16.3598
-18.5449,-26.3515,-16.2713
-17.0107,-26.3048,-16.2053
-15.4783,-26.2497,-16.1512
-13.9486,-26.1905,-16.0995
-12.4209,-26.1311,-16.0459
-10.8954,-26.0776,-15.9863
-9.37161,-26.0347,-15.9172
-7.84662,-25.9995,-15.8418
-6.32148,-25.9712,-15.7701
-4.79493,-25.9508,-15.6951
-3.26974,-25.9378,-15.6074
-1.73903,-25.9196,-15.5767
-0.212284,-25.9081,-15.5322
1.3187,-25.9026,-15.4748
2.8474,-25.8893,-15.4766
4.38039,-25.8743,-15.4737
5.91109,-25.8591,-15.4926
7.44265,-25.8402,-15.5306
8.97253,-25.8213,-15.5874
10.4986,-25.8045,-15.6503
12.0234,-25.7935,-15.7186
13.5464,-25.7888,-15.7955
15.0681,-25.7913,-15.8835
16.5891,-25.8003,-15.9813
18.1111,-25.8152,-16.0852
19.6342,-25.8337,-16.1927
21.1585,-25.8537,-16.3013
22.6836,-25.8737,-16.4084
24.2093,-25.8926,-16.5113
25.7352,-25.9096,-16.6074
27.2609,-25.9246,-16.6942
28.7862,-25.9375,-16.77
30.3108,-25.9483,-16.8336
31.8347,-25.9574,-16.8849
33.3578,-25.9648,-16.9244
34.8799,-25.9708,-16.9534
36.4011,-25.9757,-16.9736
37.9214,-25.9796,-16.9868
39.4409,-25.9827,-16.9948
40.9595,-25.9851,-16.9991
42.4774,-25.987,-17.001
43.9947,-25.9885,-17.0016
45.5114,-25.9896,-17.0015
47.0276,-25.9904,-17.0011
48.5433,-25.9909,-17.0007
50.0585,-25.9912,-17.0003
51.5734,-25.9914,-17.0001
53.0878,-25.9914,-17
54.602,-25.9912,-17
56.1158,-25.9909,-17
57.6294,-25.9905,-17
59.1427,-25.99,-17
60.6558,-25.9894,-17
62.1687,-25.9887,-17
63.6813,-25.9878,-17
65.1938,-25.9869,-17
66.7061,-25.9858,-17
68.2182,-25.9845,-17
69.7301,-25.9832,-17
71.2412,-25.9816,-17
72.75,-25.9808,-17
74.25,-25.9808,-17
75.75,-25.9808,-17
-75,-24.6817,-17
-73.5,-24.6817,-17
-72,-24.6817,-17
-70.4956,-24.7212,-16.943
-68.9945,-24.7988,-16.8341
-67.4957,-24.8742,-16.7073
-65.9962,-24.9462,-16.6075
-64.4955,-25.0144,-16.5667
-62.9963,-25.0799,-16.6117
-61.5045,-25.145,-16.755
-60.0251,-25.211,-16.9881
-58.5556,-25.2758,-17.2744
-57.083,-25.3328,-17.544
-55.5935,-25.3757,-17.6972
-54.0966,-25.4064,-17.6568
-52.6118,-25.4295,-17.4597
-51.1227,-25.4435,-17.2989
-49.6243,-25.4542,-17.2759
-48.1308,-25.458,-17.1752
-46.6908,-25.4205,-16.7455
-45.2667,-25.4019,-16.2567
-43.7839,-25.4137,-16.0938
-42.3157,-25.4197,-16.209
-40.8969,-25.3879,-16.5442
-39.8248,-25.3738,-17.513
-38.4431,-25.2931,-17.3032
-37.0709,-25.2683,-17.0407
-35.8499,-25.2438,-16.2749
-34.386,-25.1935,-16.2557
-32.9201,-25.152,-16.4767
-31.4798,-25.125,-16.8196
-29.9929,-25.0773,-16.9478
-28.485,-25.0798,-17.0548
-26.9609,-25.1184,-17.1382
-25.4254,-25.1616,-17.1406
-23.8896,-25.1801,-17.0316
-22.3592,-25.1692,-16.8536
-20.8325,-25.1372,-16.6561
-19.3062,-25.0944,-16.4781
-17.7799,-25.0445,-16.3286
-16.2541,-24.9879,-16.1993
-14.7289,-24.9257,-16.0886
-13.2063,-24.8657,-15.9907
-11.6796,-24.8059,-15.8972
-10.1546,-24.7546,-15.8194
-8.63156,-24.712,-15.7365
-7.10908,-24.688,-15.6532
-5.57751,-24.6651,-15.5665
-4.04595,-24.6478,-15.4917
-2.51921,-24.6274,-15.4268
-0.992296,-24.6185,-15.3689
0.534909,-24.6105,-15.3177
2.06531,-24.6065,-15.2759
3.59905,-24.598,-15.2496
5.13067,-24.587,-15.2211
6.66903,-24.5683,-15.2648
8.20049,-24.5474,-15.3143
9.73267,-24.5263,-15.3788
11.2603,-24.5103,-15.4478
12.7865,-24.5005,-15.5223
14.3114,-24.4976,-15.6202
15.8329,-24.5013,-15.7319
17.3552,-24.5146,-15.8522
18.8785,-24.5332,-15.9776
20.4029,-24.5544,-16.1047
21.9282,-24.5759,-16.2313
23.454,-24.5963,-16.3548
24.9799,-24.6145,-16.472
26.5055,-24.6302,-16.5802
28.0306,-24.6435,-16.6767
29.5552,-24.6545,-16.7598
31.079,-24.6636,-16.8284
32.602,-24.671,-16.8829
34.1242,-24.6769,-16.9243
35.6454,-24.6816,-16.9541
37.1658,-24.6852,-16.9745
38.6853,-24.6881,-16.9875
40.204,-24.6903,-16.9952
41.722,-24.6919,-16.9992
43.2393,-24.6931,-17.001
44.756,-24.694,-17.0015
46.2721,-24.6945,-17.0013
47.7878,-24.6949,-17.0009
49.303,-24.695,-17.0006
50.8179,-24.6949,-17.0003
52.3323,-24.6947,-17.0001
53.8465,-24.6944,-17
55.3603,-24.694,-17
56.8739,-24.6934,-17
58.3871,-24.6928,-17
59.9002,-24.692,-17
61.413,-24.6911,-17
62.9257,-24.6902,-17
64.4381,-24.6891,-17
65.9504,-24.6879,-17
67.4626,-24.6866,-17
68.9746,-24.6851,-17
70.4868,-24.6835,-17
72,-24.6817,-17
73.5,-24.6817,-17
75,-24.6817,-17
-74.25,-23.3827,-17
-72.75,-23.3827,-17
-71.25,-23.3827,-17
-69.7468,-23.4591,-16.8871
-68.2467,-23.5332,-16.7682
-66.7472,-23.6042,-16.6676
-65.2465,-23.6718,-16.6189
-63.7467,-23.7372,-16.6499
-62.2526,-23.8023,-16.7739
-60.7688,-23.8681,-16.9855
-59.294,-23.9333,-17.2532
-57.8176,-23.9929,-17.5169
-56.3271,-24.042,-17.6936
-54.8247,-24.0809,-17.7094
-53.328,-24.1132,-17.5629
-51.8321,-24.1398,-17.4036
-50.3285,-24.1586,-17.3322
-48.82,-24.1688,-17.3607
-47.315,-24.184,-17.1893
-45.9105,-24.14,-16.5826
-44.4606,-24.1095,-16.1032
-42.9566,-24.1129,-16.0555
-41.4691,-24.117,-16.1604
-40.2739,-24.0598,-17.0429
-39.0195,-23.9966,-17.7751
-37.7203,-23.928,-17.2495
-36.3776,-23.9627,-16.801
-35.1479,-23.9732,-16.0375
-33.6864,-23.9317,-16.4283
-32.3153,-23.9358,-17.0942
-30.8086,-23.8739,-17.3075
-29.281,-23.8341,-17.3596
-27.7415,-23.849,-17.4105
-26.1933,-23.8957,-17.4662
-24.6406,-23.94,-17.4608
-23.094,-23.9525,-17.344
-21.5628,-23.9246,-17.1341
-20.0429,-23.8717,-16.8954
-18.5275,-23.8087,-16.6695
-17.0145,-23.7408,-16.4595
-15.5019,-23.6664,-16.2565
-13.9909,-23.5928,-16.0615
-12.4674,-23.5273,-15.9133
-10.946,-23.465,-15.8006
-9.41353,-23.418,-15.7021
-7.90099,-23.3868,-15.5596
-6.35822,-23.3642,-15.5228
-4.83231,-23.3461,-15.4413
-3.29594,-23.3333,-15.311
-1.77043,-23.3176,-15.2999
-0.242224,-23.3105,-15.2267
1.28008,-23.3186,-15.1268
2.81956,-23.3077,-15.134
4.34775,-23.3079,-15.0507
5.88807,-23.2898,-15.0831
7.42704,-23.2806,-15.0433
8.95891,-23.2485,-15.1323
10.4945,-23.2275,-15.1915
12.0253,-23.2111,-15.2521
13.5531,-23.2014,-15.3372
15.0795,-23.2035,-15.4596
16.602,-23.2134,-15.5997
18.1262,-23.2321,-15.7437
19.6509,-23.2545,-15.8898
21.1763,-23.2781,-16.0364
22.7021,-23.3004,-16.1804
24.2278,-23.3202,-16.3189
25.753,-23.3369,-16.4488
27.2776,-23.3506,-16.567
28.8016,-23.3618,-16.6708
30.3249,-23.3707,-16.7587
31.8476,-23.3779,-16.8302
33.3695,-23.3836,-16.8859
34.8906,-23.388,-16.9275
36.4109,-23.3914,-16.9568
37.9304,-23.3939,-16.9765
39.449,-23.3958,-16.9888
40.967,-23.3971,-16.9959
42.4842,-23.398,-16.9995
44.0009,-23.3986,-17.001
45.517,-23.3989,-17.0013
47.0326,-23.399,-17.0011
48.5478,-23.3989,-17.0008
50.0626,-23.3986,-17.0004
51.577,-23.3982,-17.0002
53.0911,-23.3977,-17.0001
54.6049,-23.3971,-17
56.1184,-23.3964,-17
57.6317,-23.3956,-17
59.1447,-23.3947,-17
60.6575,-23.3937,-17
62.1701,-23.3926,-17
63.6825,-23.3915,-17
65.1948,-23.3902,-17
66.7069,-23.3888,-17
68.2188,-23.3872,-17
69.7304,-23.3855,-17
71.2413,-23.3837,-17
72.75,-23.3827,-17
74.25,-23.3827,-17
75.75,-23.3827,-17
-75,-22.0836,-17
-73.5,-22.0836,-17
-72,-22.0836,-17
-70.4969,-22.1211,-16.9365
-68.9968,-22.1939,-16.8344
-67.4977,-22.2638,-16.7321
-65.9974,-22.3308,-16.6764
-64.4972,-22.3957,-16.6921
-63.0011,-22.4602,-16.7942
-61.5131,-22.5254,-16.9805
-60.033,-22.5902,-17.2255
-58.5529,-22.6514,-17.4787
-57.0614,-22.7052,-17.6689
-55.5562,-22.7512,-17.7264
-54.0493,-22.7919,-17.6366
-52.5486,-22.8286,-17.4473
-51.0515,-22.8653,-17.2214
-49.5432,-22.8973,-17.0995
-48.034,-22.8956,-17.1768
-46.5153,-22.9278,-17.1185
-45.0886,-22.8839,-16.5789
-43.6245,-22.8182,-16.1933
-42.1349,-22.8345,-16.3127
-40.6674,-22.8222,-16.4212
-39.4705,-22.7164,-17.2444
-38.1524,-22.5847,-17.7411
-36.8879,-22.6426,-17.1571
-35.931,-22.731,-16.0645
-34.4263,-22.7415,-16.2568
-33.0687,-22.7123,-16.9662
-31.6209,-22.6652,-17.5189
-30.0748,-22.5958,-17.6146
-28.5226,-22.5742,-17.5885
-26.9647,-22.6034,-17.6094
-25.4051,-22.6516,-17.6611
-23.8465,-22.6914,-17.6741
-22.2968,-22.6997,-17.5823
-20.766,-22.6668,-17.3895
-19.2512,-22.6058,-17.158
-17.7468,-22.5299,-16.9158
-16.2527,-22.4374,-16.6372
-14.7532,-22.3346,-16.3579
-13.253,-22.2474,-16.1224
-11.7631,-22.202,-15.7997
-10.2003,-22.1389,-15.7717
-8.66354,-22.089,-15.6949
-7.13551,-22.0617,-15.6205
-5.61622,-22.0426,-15.4017
-4.07481,-22.033,-15.4375
-2.5365,-22.0222,-15.3778
-1.01634,-21.9818,-15.239
0.506352,-21.9966,-15.2199
2.04387,-21.9905,-15.1925
3.55932,-21.9879,-15.1473
5.10955,-21.9772,-15.1034
6.63153,-21.9617,-15.0369
8.18249,-21.955,-15.0151
9.71796,-21.9268,-15.0097
11.2563,-21.9165,-15.032
12.7935,-21.9154,-15.0113
14.3211,-21.9011,-15.189
15.8509,-21.908,-15.3384
17.3794,-21.9308,-15.5009
18.903,-21.9516,-15.6682
20.4282,-21.978,-15.8349
21.9539,-22.0036,-15.999
23.4793,-22.0258,-16.1584
25.0038,-22.044,-16.309
26.5275,-22.0585,-16.4478
28.0505,-22.0698,-16.572
29.5729,-22.0788,-16.6792
31.0948,-22.0857,-16.7684
32.6161,-22.091,-16.8396
34.1368,-22.095,-16.8941
35.6568,-22.098,-16.9339
37.1761,-22.1001,-16.9616
38.6946,-22.1016,-16.9797
40.2124,-22.1026,-16.9907
41.7295,-22.1032,-16.9969
43.2461,-22.1035,-16.9999
44.7621,-22.1035,-17.001
46.2777,-22.1033,-17.0012
47.7928,-22.103,-17.001
49.3075,-22.1025,-17.0006
50.8219,-22.1019,-17.0003
52.3359,-22.1012,-17.0001
53.8497,-22.1004,-17
55.3631,-22.0995,-17
56.8763,-22.0986,-17
58.3893,-22.0975,-17
59.9021,-22.0964,-17
61.4146,-22.0952,-17
62.927,-22.0939,-17
64.4392,-22.0925,-17
65.9513,-22.091,-17
67.4632,-22.0894,-17
68.9751,-22.0877,-17
70.487,-22.0857,-17
72,-22.0836,-17
73.5,-22.0836,-17
75,-22.0836,-17
-74.25,-20.7846,-17
-72.75,-20.7846,-17
-71.25,-20.7846,-17
-69.7481,-20.8562,-16.8937
-68.2482,-20.925,-16.7976
-66.7481,-20.9912,-16.7363
-65.2479,-21.0554,-16.7366
-63.7503,-21.119,-16.8159
-62.2587,-21.1831,-16.9745
-60.7739,-21.2471,-17.1932
-59.2902,-21.3088,-17.4307
-57.798,-21.3656,-17.6261
-56.2925,-21.4173,-17.715
-54.7815,-21.466,-17.6584
-53.278,-21.5142,-17.4558
-51.7856,-21.5657,-17.1553
-50.2853,-21.6194,-16.8747
-48.7641,-21.66,-16.7594
-47.2453,-21.6693,-16.8564
-45.741,-21.6708,-17.0832
-44.2365,-21.704,-16.9324
-42.8067,-21.5574,-16.5501
-41.3533,-21.5295,-16.5794
-39.947,-21.4942,-16.6473
-38.6846,-21.3254,-17.1705
-37.3496,-21.2153,-17.2976
-36.0771,-21.4701,-16.8166
-35.0384,-21.5504,-15.824
-33.8602,-21.5247,-16.8321
-32.371,-21.4483,-17.3284
-30.8379,-21.3509,-17.5321
-29.2888,-21.3017,-17.5714
-27.7282,-21.3133,-17.5542
-26.1639,-21.3523,-17.5855
-24.604,-21.3917,-17.6819
-23.0499,-21.4187,-17.7658
-21.5039,-21.4218,-17.7459
-19.9745,-21.393,-17.6253
-18.4629,-21.3369,-17.4457
-16.9672,-21.2608,-17.2147
-15.485,-21.1499,-16.89
-14.0512,-20.9536,-16.3433
-12.536,-20.9249,-16.3226
-10.9703,-20.8469,-16.092
-9.48448,-20.7355,-15.8177
-7.88449,-20.7317,-15.8353
-6.37758,-20.717,-15.8052
-4.81373,-20.7199,-15.7157
-3.30573,-20.6782,-15.6519
-1.77352,-20.6926,-15.5594
-0.277441,-20.6551,-15.3306
1.27167,-20.6973,-15.4743
2.7584,-20.6423,-15.2624
4.32748,-20.7252,-15.4286
5.8504,-20.6272,-15.0633
7.37248,-20.6762,-15.1352
8.93094,-20.6784,-14.8478
10.4762,-20.6381,-14.9549
12.0431,-20.6258,-14.9416
13.5092,-20.6468,-14.9912
15.0975,-20.6206,-15.0817
16.6516,-20.6375,-15.2708
18.1617,-20.6305,-15.4548
19.6771,-20.6592,-15.6391
21.2092,-20.7031,-15.83
22.7341,-20.7298,-16.0087
24.2577,-20.7505,-16.1769
25.7802,-20.7663,-16.3329
27.3018,-20.7783,-16.4741
28.8229,-20.7873,-16.598
30.3437,-20.794,-16.7031
31.8641,-20.799,-16.789
33.3841,-20.8026,-16.8564
34.9036,-20.8051,-16.907
36.4224,-20.8068,-16.9432
37.9407,-20.8079,-16.9678
39.4583,-20.8085,-16.9835
40.9753,-20.8087,-16.9929
42.4917,-20.8086,-16.9979
44.0076,-20.8083,-17.0002
45.523,-20.8079,-17.001
47.038,-20.8072,-17.001
48.5527,-20.8065,-17.0008
50.0669,-20.8057,-17.0005
51.5809,-20.8048,-17.0002
53.0946,-20.8038,-17.0001
54.608,-20.8027,-17
56.1211,-20.8016,-17
57.634,-20.8004,-17
59.1467,-20.7992,-17
60.6593,-20.7979,-17
62.1716,-20.7965,-17
63.6837,-20.795,-17
65.1957,-20.7934,-17
66.7076,-20.7917,-17
68.2193,-20.7899,-17
69.7307,-20.7879,-17
71.2415,-20.7858,-17
72.75,-20.7846,-17
74.25,-20.7846,-17
75.75,-20.7846,-17
-75,-19.4856,-17
-73.5,-19.4856,-17
-72,-19.4856,-17
-70.4978,-19.5204,-16.9426
-68.998,-19.588,-16.8621
-67.4985,-19.653,-16.795
-65.9986,-19.7163,-16.7823
-64.5002,-19.7789,-16.8395
-63.0061,-19.8416,-16.9696
-61.5173,-19.9043,-17.1593
-60.0304,-19.9657,-17.376
-58.5378,-20.0241,-17.5697
-57.0336,-20.0795,-17.6817
-55.5215,-20.1339,-17.6644
-54.0129,-20.1897,-17.502
-52.516,-20.2476,-17.2164
-51.0239,-20.3063,-16.8753
-49.5109,-20.3583,-16.6212
-47.9778,-20.3918,-16.591
-46.4604,-20.4044,-16.7972
-44.9622,-20.4147,-17.0659
-43.4784,-20.4307,-17.2332
-42.0275,-20.3555,-17.1797
-40.6203,-20.2795,-17.1895
-39.3621,-20.0875,-16.6652
-38.0367,-19.9401,-16.7246
-36.8013,-20.1579,-16.2984
-35.498,-20.2589,-16.3864
-34.1717,-20.3738,-16.0014
-32.8316,-20.5122,-16.408
-31.4653,-20.281,-16.8277
-29.9935,-20.1323,-17.0514
-28.4653,-20.0808,-17.1983
-26.9091,-20.0833,-17.3312
-25.3474,-20.1058,-17.4848
-23.7939,-20.1253,-17.6645
-22.2499,-20.1341,-17.824
-20.7129,-20.1301,-17.8925
-19.1885,-20.1095,-17.8726
-17.6786,-20.0684,-17.7874
-16.2075,-19.9899,-17.5422
-14.7254,-19.904,-17.2788
-13.3157,-19.8442,-16.8996
-11.6735,-19.6367,-16.7139
-10.3727,-19.3675,-16.1252
-8.67922,-19.4341,-16.2024
-7.14485,-19.4285,-16.252
-5.57439,-19.4809,-16.2321
-4.05299,-19.3376,-15.6983
-2.50636,-19.4671,-16.1171
-0.978142,-19.4801,-15.9754
0.467096,-19.4907,-15.9359
2.00037,-19.4716,-16.0087
3.48475,-19.5437,-15.9323
5.15167,-19.5051,-15.8291
6.73537,-19.4337,-15.6006
8.15004,-19.2877,-15.3367
9.76695,-19.2721,-15.1889
11.2276,-18.9513,-14.867
12.7273,-18.947,-14.9376
14.2188,-19.0056,-14.8081
15.7864,-19.2333,-15.069
17.4041,-19.1331,-15.2534
18.8205,-19.152,-15.4725
20.4529,-19.384,-15.7009
21.9911,-19.43,-15.8978
23.5134,-19.4554,-16.0793
25.0344,-19.4735,-16.2446
26.5546,-19.4866,-16.3949
28.0744,-19.4961,-16.5288
29.5939,-19.5028,-16.6446
31.1132,-19.5075,-16.7413
32.6323,-19.5106,-16.819
34.1511,-19.5127,-16.879
35.6695,-19.5139,-16.9232
37.1873,-19.5145,-16.9542
38.7046,-19.5146,-16.9748
40.2213,-19.5144,-16.9877
41.7376,-19.514,-16.995
43.2533,-19.5133,-16.9989
44.7686,-19.5126,-17.0005
46.2835,-19.5117,-17.001
47.798,-19.5107,-17.0009
49.3122,-19.5096,-17.0006
50.826,-19.5085,-17.0003
52.3396,-19.5073,-17.0001
53.8529,-19.5061,-17
55.366,-19.5048,-17
56.8789,-19.5034,-17
58.3915,-19.5021,-17
59.904,-19.5006,-17
61.4162,-19.4991,-17
62.9283,-19.4975,-17
64.4403,-19.4958,-17
65.9521,-19.494,-17
67.4638,-19.4921,-17
68.9755,-19.4901,-17
70.4873,-19.4879,-17
72,-19.4856,-17
73.5,-19.4856,-17
75,-19.4856,-17
-74.25,-18.1865,-17
-72.75,-18.1865,-17
-71.25,-18.1865,-17
-69.7488,-18.2527,-16.9153
-68.2489,-18.3165,-16.8508
-66.7493,-18.3786,-16.8282
-65.2506,-18.4399,-16.8648
-63.7548,-18.5011,-16.9674
-62.2631,-18.5623,-17.1269
-60.7735,-18.6227,-17.3186
-59.2805,-18.6813,-17.5028
-57.7786,-18.7383,-17.6295
-56.2679,-18.7958,-17.6528
-54.756,-18.8557,-17.5497
-53.251,-18.9179,-17.3303
-51.7527,-18.979,-17.0366
-50.2484,-19.0333,-16.752
-48.7265,-19.0751,-16.5749
-47.1951,-19.1052,-16.6309
-45.6882,-19.1217,-16.9158
-44.1947,-19.1267,-17.2435
-42.7383,-19.1151,-17.6231
-41.2832,-19.0131,-17.7056
-40.0575,-18.7696,-17.0218
-38.8643,-18.6651,-16.2531
-37.4915,-18.7671,-15.8648
-36.0605,-18.8971,-15.8326
-34.7749,-19.0672,-16.4212
-33.4324,-19.2659,-16.7388
-32.1035,-19.1744,-16.1571
-30.5964,-19.203,-16.103
-29.1214,-19.0037,-16.4481
-27.6146,-18.8881,-16.8261
-26.0737,-18.8517,-17.1618
-24.5218,-18.8487,-17.4314
-22.9786,-18.8464,-17.6791
-21.4463,-18.8388,-17.8955
-19.9222,-18.829,-18.0495
-18.4048,-18.8124,-18.1339
-16.8411,-18.7354,-18.1816
-15.3072,-18.6759,-18.123
-14.3955,-18.4929,-17.3067
-12.3466,-18.4562,-17.7094
-11.1024,-18.2598,-17.5661
-9.59232,-18.2549,-17.0351
-7.91803,-17.9124,-16.444
-6.35857,-18.1673,-16.9177
-4.83527,-18.2529,-16.9135
-3.16005,-18.3435,-16.8476
-1.72072,-18.0437,-16.4589
-0.263017,-18.3108,-16.7353
1.14461,-18.0836,-16.3803
2.58136,-18.3585,-16.7348
4.37002,-18.4046,-16.7441
5.99159,-18.3462,-16.4335
7.54131,-17.8931,-15.5104
9.07836,-18.1309,-15.7755
10.5044,-17.7867,-15.0125
11.9246,-17.6897,-15.4408
13.4263,-17.6719,-15.3239
14.8276,-17.8388,-14.7135
16.3993,-17.8935,-15.3497
17.6791,-17.834,-15.3633
19.4328,-17.9074,-15.6137
21.2298,-18.1203,-15.876
22.768,-18.1596,-16.0548
24.288,-18.1806,-16.2143
25.8071,-18.1951,-16.3596
27.3259,-18.2052,-16.491
28.8445,-18.212,-16.6074
30.3629,-18.2165,-16.7072
31.8812,-18.2192,-16.7897
33.3992,-18.2207,-16.8551
34.917,-18.2213,-16.9049
36.4344,-18.2214,-16.9409
37.9513,-18.221,-16.9657
39.4677,-18.2204,-16.9818
40.9837,-18.2196,-16.9916
42.4992,-18.2186,-16.997
44.0143,-18.2174,-16.9996
45.5291,-18.2162,-17.0007
47.0434,-18.215,-17.0009
48.5575,-18.2137,-17.0007
50.0713,-18.2123,-17.0004
51.5848,-18.2109,-17.0002
53.098,-18.2095,-17.0001
54.611,-18.208,-17
56.1238,-18.2066,-17
57.6364,-18.205,-17
59.1488,-18.2034,-17
60.661,-18.2018,-17
62.173,-18.2001,-17
63.6849,-18.1983,-17
65.1967,-18.1964,-17
66.7083,-18.1945,-17
68.2198,-18.1924,-17
69.731,-18.1902,-17
71.2416,-18.1878,-17
72.75,-18.1865,-17
74.25,-18.1865,-17
75.75,-18.1865,-17
-75,-16.8875,-17
-73.5,-16.8875,-17
-72,-16.8875,-17
-70.4984,-16.9195,-16.9559
-68.9988,-16.9818,-16.9032
-67.4997,-17.0424,-16.8716
-66.0011,-17.1022,-16.8916
-64.5045,-17.1617,-16.9692
-63.0109,-17.2212,-17.0989
-61.5192,-17.2802,-17.2628
-60.0259,-17.338,-17.4303
-58.5262,-17.3952,-17.5614
-57.0188,-17.4534,-17.6149
-55.5076,-17.5146,-17.5651
-53.9985,-17.5788,-17.416
-52.4926,-17.6427,-17.1976
-50.9863,-17.7005,-16.9486
-49.4734,-17.7443,-16.7178
-47.9451,-17.7768,-16.6309
-46.4177,-17.8067,-16.7404
-44.9079,-17.8227,-17.0506
-43.454,-17.7975,-17.5802
-42.0152,-17.6961,-18.0433
-40.6287,-17.4411,-17.6875
-39.4249,-17.2383,-16.9407
-38.131,-17.2495,-16.4036
-36.7596,-17.4229,-16.2438
-35.4667,-17.7571,-16.7344
-34.0425,-17.9566,-17.1063
-32.5509,-18.0743,-17.0461
-31.2337,-17.9178,-16.3348
-29.7841,-17.8709,-15.8087
-28.2491,-17.7628,-16.1427
-26.7592,-17.6483,-16.6852
-25.2315,-17.5976,-17.1145
-23.6894,-17.5748,-17.4289
-22.1571,-17.5541,-17.7086
-20.6377,-17.5333,-17.967
-19.1183,-17.5184,-18.2012
-17.4441,-17.527,-18.4368
-15.867,-17.5626,-18.5084
-14.6426,-17.6827,-18.8108
-13.0614,-17.5913,-18.1802
-12.028,-17.8826,-18.698
-10.3058,-16.9159,-17.6129
-8.79444,-17.2514,-17.6481
-7.03776,-17.0205,-17.6083
-5.46081,-17.0865,-17.7096
-3.91951,-17.2559,-17.5852
-2.36178,-17.6658,-18.0411
-1.09712,-17.2286,-17.6093
0.606716,-17.168,-17.5481
1.90045,-17.6264,-17.9761
3.44231,-17.4168,-17.4006
5.14757,-17.775,-17.7066
6.73642,-17.2483,-16.9515
8.35152,-17.039,-16.7432
9.80338,-16.9634,-16.4604
11.2884,-16.9183,-16.0417
12.6675,-16.5098,-15.5285
13.9668,-16.6991,-15.8595
15.6582,-16.9495,-15.7322
17.3948,-16.6823,-15.1869
18.4671,-16.5437,-15.8667
20.2374,-16.8334,-15.9901
21.9987,-16.8731,-16.1517
23.5369,-16.8932,-16.2795
25.0568,-16.9068,-16.3966
26.5758,-16.9162,-16.5069
28.0942,-16.9224,-16.6087
29.6122,-16.9263,-16.6997
31.13,-16.9284,-16.7779
32.6475,-16.9292,-16.8423
34.1647,-16.9292,-16.8929
35.6817,-16.9287,-16.931
37.1982,-16.9278,-16.9581
38.7143,-16.9267,-16.9765
40.23,-16.9254,-16.9881
41.7453,-16.924,-16.9949
43.2602,-16.9225,-16.9986
44.7748,-16.921,-17.0002
46.289,-16.9194,-17.0007
47.803,-16.9179,-17.0007
49.3166,-16.9163,-17.0005
50.83,-16.9147,-17.0003
52.3432,-16.913,-17.0001
53.8561,-16.9114,-17
55.3688,-16.9097,-17
56.8813,-16.9081,-17
58.3936,-16.9063,-17
59.9058,-16.9046,-17
61.4178,-16.9028,-17
62.9296,-16.9009,-17
64.4413,-16.8989,-17
65.9529,-16.8969,-17
67.4644,-16.8947,-17
68.9759,-16.8925,-17
70.4874,-16.8901,-17
72,-16.8875,-17
73.5,-16.8875,-17
75,-16.8875,-17
-74.25,-15.5885,-17
-72.75,-15.5885,-17
-71.25,-15.5885,-17
-69.7492,-15.649,-16.9436
-68.2499,-15.7079,-16.9113
-66.7515,-15.766,-16.9189
-65.2547,-15.8237,-16.9746
-63.76,-15.8813,-17.0771
-62.267,-15.9385,-17.2127
-60.7733,-15.995,-17.3586
-59.2757,-16.0512,-17.4837
-57.7721,-16.1087,-17.554
-56.2641,-16.1691,-17.543
-54.7558,-16.233,-17.4462
-53.2484,-16.2975,-17.2845
-51.7392,-16.3571,-17.0825
-50.2232,-16.4022,-16.8632
-48.6938,-16.429,-16.7015
-47.1594,-16.4542,-16.673
-45.6376,-16.4971,-16.8533
-44.1527,-16.4973,-17.3208
-42.7477,-16.367,-17.9764
-41.2817,-16.0925,-18.1831
-39.9825,-15.8138,-17.5717
-38.7156,-15.6766,-17.0063
-37.4275,-15.8429,-16.93
-36.188,-16.2608,-17.1362
-34.7962,-16.5916,-17.4779
-33.2123,-16.8143,-17.6423
-31.7043,-16.8075,-17.2174
-30.3304,-16.688,-16.493
-28.9336,-16.5277,-15.8218
-27.4046,-16.4535,-16.2074
-25.913,-16.3704,-16.7446
-24.383,-16.3201,-17.1289
-22.8487,-16.2844,-17.4297
-21.328,-16.2505,-17.7209
-19.8229,-16.2201,-18.0139
-18.324,-16.2057,-18.3225
-16.62,-16.3289,-18.7124
-15.1757,-16.4177,-18.8178
-13.9603,-16.2758,-18.9813
-12.1001,-16.3725,-18.7471
-10.8962,-16.2267,-18.6435
-9.6344,-16.2381,-18.4462
-7.69248,-15.8772,-18.2485
-6.2333,-16.0651,-18.9948
-4.65024,-16.0163,-18.3218
-3.09756,-16.214,-18.2
-1.61465,-16.2131,-18.2155
-0.167538,-16.2553,-18.8516
1.27778,-16.2132,-18.1434
2.78736,-16.2713,-18.1156
4.31495,-16.3276,-17.9504
6.02299,-16.2279,-17.7724
7.56768,-16.0142,-17.6165
9.20986,-16.2321,-18.0282
10.4388,-15.9462,-17.1784
12.1194,-15.8072,-16.7305
13.5527,-15.9732,-16.9657
14.9965,-15.7715,-16.5305
16.5488,-15.6999,-16.4153
17.9751,-15.602,-16.4653
19.5462,-15.7045,-16.3658
21.2438,-15.627,-16.4195
22.78,-15.6229,-16.4687
24.3024,-15.6281,-16.5281
25.8228,-15.6327,-16.5946
27.342,-15.636,-16.6637
28.8603,-15.638,-16.7312
30.3781,-15.6387,-16.7934
31.8954,-15.6386,-16.8477
33.4124,-15.6377,-16.8927
34.929,-15.6365,-16.9282
36.4452,-15.6349,-16.9546
37.961,-15.6332,-16.9732
39.4764,-15.6314,-16.9856
40.9915,-15.6296,-16.9932
42.5063,-15.6277,-16.9975
44.0206,-15.6259,-16.9996
45.5347,-15.624,-17.0005
47.0485,-15.6222,-17.0006
48.5621,-15.6203,-17.0005
50.0754,-15.6185,-17.0003
51.5884,-15.6167,-17.0002
53.1012,-15.6149,-17.0001
54.6139,-15.613,-17
56.1263,-15.6112,-17
57.6386,-15.6093,-17
59.1507,-15.6074,-17
60.6626,-15.6055,-17
62.1744,-15.6035,-17
63.6861,-15.6015,-17
65.1976,-15.5994,-17
66.709,-15.5972,-17
68.2203,-15.5948,-17
69.7313,-15.5924,-17
71.2417,-15.5898,-17
72.75,-15.5885,-17
74.25,-15.5885,-17
75.75,-15.5885,-17
-75,-14.2894,-17
-73.5,-14.2894,-17
-72,-14.2894,-17
-70.4989,-14.3185,-16.9721
-68.9997,-14.3755,-16.9468
-67.5016,-14.4316,-16.9443
-66.0047,-14.4873,-16.9829
-64.5096,-14.5428,-17.0616
-63.0159,-14.598,-17.1705
-61.5221,-14.6527,-17.2926
-60.026,-14.7073,-17.4046
-58.5258,-14.763,-17.4795
-57.0219,-14.8214,-17.4933
-55.5167,-14.8833,-17.4345
-54.0115,-14.947,-17.3123
-52.5028,-15.0072,-17.147
-50.9821,-15.0542,-16.9573
-49.4394,-15.0755,-16.7881
-47.8843,-15.081,-16.7073
-46.3491,-15.1151,-16.7725
-44.8595,-15.1882,-17.0567
-43.4253,-15.0949,-17.5883
-42.0733,-14.7791,-18.1603
-40.6123,-14.4503,-17.9955
-39.3816,-14.2107,-17.2919
-38.0608,-14.1276,-17.3669
-36.9445,-14.5975,-17.6839
-35.6421,-15.0278,-17.4242
-34.0375,-15.4402,-17.8182
-32.3581,-15.5296,-17.8363
-30.8797,-15.4899,-17.2831
-29.6103,-15.3268,-16.3398
-28.085,-15.2074,-16.0491
-26.5785,-15.1354,-16.4507
-25.0609,-15.0716,-16.8378
-23.528,-15.0236,-17.1281
-22.003,-14.9813,-17.4059
-20.4936,-14.94,-17.7033
-19.0051,-14.9022,-18.0243
-17.4923,-14.8858,-18.3787
-15.9761,-15.0431,-18.9682
-14.5344,-15.0145,-18.9533
-13.0269,-14.9515,-19.2025
-11.4713,-14.9755,-19.0165
-10.0656,-15.0464,-19.1063
-8.49186,-14.8349,-19.0738
-6.90055,-14.7131,-18.7074
-5.40743,-14.757,-18.7657
-3.77809,-14.9555,-18.9824
-2.40587,-14.911,-18.6429
-0.837029,-14.9291,-18.6119
0.646008,-14.9742,-18.7886
2.26035,-14.9531,-18.5224
3.71857,-15.0131,-18.3801
5.27272,-14.9048,-18.3165
6.75118,-14.8791,-18.2237
8.38317,-14.8135,-18.1332
9.85833,-14.8932,-18.1582
11.3446,-14.5347,-17.7914
12.9271,-14.5911,-17.4815
14.4206,-14.5458,-17.3979
15.8305,-14.3798,-17.3558
17.5359,-14.6334,-17.5979
18.927,-14.4886,-16.9628
20.5006,-14.4117,-16.8436
22.0248,-14.3773,-16.7766
23.5469,-14.3646,-16.7539
25.0681,-14.3585,-16.7576
26.5881,-14.3552,-16.7779
28.107,-14.353,-16.808
29.6252,-14.3511,-16.8425
31.1426,-14.3492,-16.8772
32.6595,-14.347,-16.909
34.176,-14.3448,-16.9361
35.692,-14.3425,-16.9577
37.2076,-14.3401,-16.9738
38.7228,-14.3378,-16.9851
40.2377,-14.3355,-16.9924
41.7523,-14.3332,-16.9968
43.2665,-14.331,-16.9992
44.7804,-14.3288,-17.0002
46.2941,-14.3266,-17.0005
47.8075,-14.3245,-17.0005
49.3207,-14.3225,-17.0004
50.8337,-14.3204,-17.0002
52.3465,-14.3184,-17.0001
53.859,-14.3164,-17
55.3714,-14.3144,-17
56.8836,-14.3124,-17
58.3956,-14.3104,-17
59.9075,-14.3083,-17
61.4192,-14.3062,-17
62.9308,-14.3041,-17
64.4423,-14.3019,-17
65.9537,-14.2996,-17
67.465,-14.2973,-17
68.9762,-14.2948,-17
70.4876,-14.2922,-17
72,-14.2894,-17
73.5,-14.2894,-17
75,-14.2894,-17
-74.25,-12.9904,-17
-72.75,-12.9904,-17
-71.25,-12.9904,-17
-69.7498,-13.0452,-16.972
-68.2514,-13.0992,-16.9664
-66.7545,-13.1527,-16.9926
-65.2591,-13.206,-17.0514
-63.7651,-13.259,-17.1369
-62.2713,-13.3117,-17.2357
-60.7763,-13.3643,-17.3305
-59.2789,-13.4178,-17.4011
-57.7788,-13.4734,-17.4278
-56.2772,-13.5322,-17.3969
-54.7751,-13.5934,-17.3079
-53.269,-13.6534,-17.1735
-51.7471,-13.7039,-17.0127
-50.1887,-13.7289,-16.8595
-48.5868,-13.721,-16.774
-46.984,-13.724,-16.8184
-45.4475,-13.798,-16.97
-43.9809,-13.8907,-16.9758
-42.6506,-13.6127,-17.3613
-41.4709,-13.2053,-18.0411
-40.1248,-12.887,-17.6421
-38.895,-13.0052,-18.1774
-37.5265,-12.9466,-18.2747
-36.2329,-13.4976,-18.0609
-34.8579,-14.2181,-18.1055
-33.2436,-14.3524,-18.1001
-31.5966,-14.3552,-18.126
-30.6354,-14.0343,-16.1722
-29.3006,-13.8332,-14.7562
-27.5009,-13.8005,-15.7428
-25.7321,-13.8108,-16.6168
-24.2021,-13.759,-16.8621
-22.6751,-13.7138,-17.0952
-21.1592,-13.6699,-17.3596
-19.6565,-13.6269,-17.6573
-18.169,-13.5824,-17.9958
-16.6721,-13.5792,-18.3476
-15.2077,-13.5276,-18.6885
-13.6905,-13.5036,-18.8947
-12.1746,-13.4867,-19.0322
-10.6362,-13.4652,-19.0762
-9.14988,-13.4624,-19.0753
-7.67665,-13.3341,-18.9897
-6.097,-13.375,-18.9469
-4.50367,-13.3739,-18.8993
-3.06682,-13.484,-18.8577
-1.56832,-13.4229,-18.805
-0.0243848,-13.4722,-18.7758
1.51461,-13.4879,-18.7161
3.02819,-13.4989,-18.6403
4.55866,-13.4925,-18.7918
6.07673,-13.4724,-18.4925
7.61593,-13.4734,-18.6205
9.12992,-13.4347,-18.3809
10.6727,-13.3889,-18.1985
12.186,-13.4306,-18.2358
13.6889,-13.357,-17.9054
15.1906,-13.3717,-17.968
16.7409,-13.2972,-17.6695
18.2386,-13.2661,-17.5223
19.7678,-13.1936,-17.3144
21.2757,-13.1421,-17.138
22.7941,-13.1122,-17.0377
24.314,-13.093,-16.9753
25.8338,-13.0806,-16.9406
27.3529,-13.0723,-16.9258
28.8713,-13.0663,-16.9246
30.389,-13.0615,-16.9319
31.906,-13.0575,-16.9437
33.4225,-13.0539,-16.9569
34.9384,-13.0506,-16.9693
36.4539,-13.0474,-16.9798
37.969,-13.0445,-16.9878
39.4838,-13.0416,-16.9934
40.9982,-13.0389,-16.997
42.5123,-13.0362,-16.9991
44.0261,-13.0337,-17.0001
45.5397,-13.0313,-17.0005
47.053,-13.0289,-17.0005
48.5661,-13.0266,-17.0003
50.079,-13.0243,-17.0002
51.5917,-13.0221,-17.0001
53.1042,-13.0199,-17
54.6165,-13.0177,-17
56.1286,-13.0155,-17
57.6406,-13.0134,-17
59.1524,-13.0112,-17
60.6641,-13.009,-17
62.1757,-13.0068,-17
63.6871,-13.0045,-17
65.1984,-13.0022,-17
66.7096,-12.9997,-17
68.2207,-12.9972,-17
69.7316,-12.9946,-17
71.2418,-12.9918,-17
72.75,-12.9904,-17
74.25,-12.9904,-17
75.75,-12.9904,-17
-75,-11.6913,-17
-73.5,-11.6913,-17
-72,-11.6913,-17
-70.4994,-11.7174,-16.9877
-69.0009,-11.7691,-16.9845
-67.5038,-11.8202,-17.0012
-66.0083,-11.8712,-17.045
-64.514,-11.9219,-17.1109
-63.0203,-11.9724,-17.1888
-61.5262,-12.0228,-17.2655
-60.0307,-12.0738,-17.3263
-58.5336,-12.1263,-17.3564
-57.0354,-12.1814,-17.3438
-55.5364,-12.239,-17.2833
-54.0339,-12.2973,-17.1797
-52.5159,-12.3511,-17.0471
-50.9554,-12.3888,-16.9116
-49.319,-12.3946,-16.8258
-47.6127,-12.3882,-16.874
-45.916,-12.4481,-17.0675
-44.3111,-12.5653,-17.089
-43.043,-12.6032,-16.3286
-41.7971,-12.2295,-16.9548
-40.8832,-11.6951,-17.9985
-39.588,-12.1098,-18.9785
-38.0133,-12.8742,-19.4974
-36.5456,-13.6063,-19.4671
-35.4715,-13.7546,-20.2144
-33.8848,-13.8325,-19.691
-32.4933,-14.3111,-18.5068
-30.5198,-13.9924,-17.7873
-31.3761,-13.0516,-11.1747
-29.7048,-12.7915,-11.0142
-26.7388,-12.523,-15.8685
-24.8798,-12.48,-16.6692
-23.3517,-12.4368,-16.8381
-21.8323,-12.3955,-17.0456
-20.3236,-12.3542,-17.2984
-18.8259,-12.3135,-17.5868
-17.3381,-12.2729,-17.9084
-15.8564,-12.2308,-18.236
-14.3665,-12.1964,-18.5233
-12.8674,-12.157,-18.7382
-11.3564,-12.1189,-18.9404
-9.84901,-12.086,-18.9421
-8.31062,-12.0646,-19.0206
-6.80919,-12.0925,-18.8879
-5.27709,-12.0967,-18.9333
-3.77881,-12.1,-18.9301
-2.25832,-12.1205,-18.7809
-0.742368,-12.1425,-18.8106
0.77877,-12.165,-18.7003
2.28411,-12.1635,-18.7351
3.82179,-12.1599,-18.6165
5.33729,-12.1524,-18.5892
6.87544,-12.1415,-18.5391
8.39208,-12.1383,-18.4759
9.91279,-12.1162,-18.3942
11.4321,-12.107,-18.3073
12.9453,-12.0753,-18.2254
14.468,-12.0523,-18.1084
15.9797,-12.0164,-18.0021
17.5035,-11.9778,-17.8519
19.0228,-11.9295,-17.6424
20.529,-11.8944,-17.4585
22.044,-11.8576,-17.3152
23.5615,-11.8295,-17.2044
25.0801,-11.8093,-17.124
26.5987,-11.7947,-17.0673
28.1169,-11.7839,-17.0296
29.6347,-11.7758,-17.0069
31.1518,-11.7694,-16.9949
32.6683,-11.764,-16.9903
34.1843,-11.7594,-16.99
35.6998,-11.7553,-16.9919
37.2149,-11.7516,-16.9944
38.7296,-11.7481,-16.9968
40.2439,-11.7448,-16.9986
41.758,-11.7418,-16.9997
43.2717,-11.7388,-17.0003
44.7852,-11.736,-17.0005
46.2985,-11.7334,-17.0004
47.8115,-11.7308,-17.0003
49.3243,-11.7283,-17.0002
50.8369,-11.7258,-17.0001
52.3493,-11.7234,-17
53.8616,-11.7211,-17
55.3737,-11.7188,-17
56.8856,-11.7165,-17
58.3974,-11.7142,-17
59.909,-11.7119,-17
61.4205,-11.7095,-17
62.9319,-11.7072,-17
64.4432,-11.7048,-17
65.9544,-11.7023,-17
67.4655,-11.6997,-17
68.9766,-11.697,-17
70.4878,-11.6943,-17
72,-11.6913,-17
73.5,-11.6913,-17
75,-11.6913,-17
-74.25,-10.3923,-17
-72.75,-10.3923,-17
-71.25,-10.3923,-17
-69.7505,-10.4414,-16.9952
-68.2529,-10.4902,-17.0075
-66.7571,-10.5387,-17.0405
-65.2626,-10.5871,-17.0908
-63.7689,-10.6352,-17.151
-62.2752,-10.6833,-17.2111
-60.781,-10.7317,-17.26
-59.2861,-10.7812,-17.2872
-57.7905,-10.8326,-17.2839
-56.2943,-10.8861,-17.2445
-54.7957,-10.941,-17.1692
-53.2854,-10.9953,-17.0655
-51.7388,-11.044,-16.9501
-50.1134,-11.0787,-16.8596
-48.3764,-11.1048,-16.8798
-46.5678,-11.1731,-17.1111
-44.8013,-11.3204,-17.4678
-43.248,-11.3265,-17.0229
-42.1674,-11.1563,-16.0199
-40.6913,-11.141,-16.5887
-39.5278,-10.8662,-17.8474
-38.0181,-11.2966,-18.8561
-36.1722,-11.697,-19.5631
-34.5323,-11.8565,-19.6904
-33.1467,-9.66959,-15.7659
-32.3565,-10.6193,-16.8477
-30.5489,-13.9453,-17.1008
-27.1906,-13.6025,-21.6036
-28.8901,-11.6103,-16.8434
-27.6893,-11.312,-15.096
-25.6289,-11.1921,-16.5271
-24.0372,-11.1453,-16.6617
-22.5155,-11.1088,-16.7989
-21.0027,-11.0728,-16.9891
-19.4994,-11.0364,-17.2246
-18.0058,-10.9988,-17.4947
-16.5198,-10.9583,-17.7847
-15.0365,-10.915,-18.0756
-13.5516,-10.8694,-18.3611
-12.0481,-10.836,-18.525
-10.545,-10.8016,-18.6627
-9.02904,-10.7847,-18.711
-7.51436,-10.7816,-18.7248
-5.99986,-10.7827,-18.7097
-4.48554,-10.791,-18.6913
-2.97523,-10.8019,-18.6567
-1.45662,-10.8198,-18.6124
0.0558796,-10.8303,-18.5809
1.5699,-10.8393,-18.5394
3.08028,-10.8293,-18.5117
4.60199,-10.8239,-18.4785
6.12711,-10.8153,-18.4479
7.64095,-10.8022,-18.4752
9.16574,-10.7971,-18.3633
10.6794,-10.7831,-18.3063
12.2059,-10.7599,-18.3239
13.7169,-10.7396,-18.2381
15.2369,-10.7177,-18.1036
16.7553,-10.6936,-18.0433
18.2656,-10.6599,-17.8335
19.7795,-10.6242,-17.6718
21.2928,-10.5907,-17.5229
22.809,-10.5608,-17.3965
24.3265,-10.5366,-17.2914
25.8444,-10.5176,-17.2063
27.3622,-10.5029,-17.14
28.8798,-10.4915,-17.0907
30.3969,-10.4825,-17.0558
31.9136,-10.4752,-17.0326
33.4297,-10.4691,-17.018
34.9453,-10.4638,-17.0095
36.4604,-10.4592,-17.005
37.9751,-10.455,-17.0027
39.4894,-10.4511,-17.0016
41.0034,-10.4475,-17.0011
42.5172,-10.4442,-17.0009
44.0306,-10.441,-17.0006
45.5438,-10.438,-17.0005
47.0568,-10.4351,-17.0003
48.5696,-10.4324,-17.0002
50.0821,-10.4297,-17.0001
51.5945,-10.4271,-17
53.1067,-10.4246,-17
54.6187,-10.4221,-17
56.1306,-10.4196,-17
57.6424,-10.4172,-17
59.154,-10.4148,-17
60.6654,-10.4124,-17
62.1768,-10.4099,-17
63.688,-10.4074,-17
65.1991,-10.4049,-17
66.7102,-10.4022,-17
68.2211,-10.3995,-17
69.7318,-10.3967,-17
71.2419,-10.3938,-17
72.75,-10.3923,-17
74.25,-10.3923,-17
75.75,-10.3923,-17
-75,-9.09327,-17
-73.5,-9.09327,-17
-72,-9.09327,-17
-70.4998,-9.11649,-16.9998
-69.0018,-9.16267,-17.0107
-67.5055,-9.20871,-17.0359
-66.0106,-9.25462,-17.0746
-64.5168,-9.30038,-17.1208
-63.0234,-9.34606,-17.1666
-61.53,-9.39196,-17.2039
-60.0363,-9.43857,-17.2253
-58.5426,-9.48643,-17.2248
-57.0487,-9.53586,-17.1984
-55.5535,-9.5868,-17.145
-54.0511,-9.6387,-17.0678
-52.5239,-9.69094,-16.9757
-50.9341,-9.74438,-16.888
-49.2335,-9.80935,-16.8625
-47.4215,-9.91904,-17.0327
-45.5862,-10.0731,-17.4451
-43.8099,-10.152,-17.7712
-42.3417,-10.0651,-17.0298
-41.2497,-9.93242,-15.8701
-39.6363,-10.0712,-16.2986
-38.1145,-10.017,-17.3986
-36.9901,-10.1965,-18.1411
-34.9403,-9.13221,-18.1586
-35.3221,-12.9998,-20.3016
-32.6928,-11.2171,-18.8355
-33.7792,-8.53993,-17.4523
-30.9478,-10.3672,-17.3461
-27.0998,-10.5257,-22.2389
-27.2388,-10.0333,-18.3959
-26.3248,-9.92482,-16.5661
-24.7333,-9.84246,-16.5733
-23.2089,-9.80899,-16.6356
-21.6934,-9.77856,-16.7551
-20.186,-9.74838,-16.9257
-18.6869,-9.71706,-17.1373
-17.1955,-9.68279,-17.3789
-15.7096,-9.64396,-17.6363
-14.2248,-9.6038,-17.8839
-12.7344,-9.56411,-18.0997
-11.2393,-9.52667,-18.263
-9.73431,-9.48892,-18.4051
-8.22504,-9.48852,-18.4169
-6.71143,-9.48744,-18.4255
-5.20403,-9.47933,-18.4489
-3.68651,-9.49274,-18.4045
-2.17652,-9.50609,-18.3734
-0.661637,-9.51141,-18.3781
0.844456,-9.51893,-18.3442
2.35783,-9.52428,-18.2974
3.86976,-9.51709,-18.301
5.38418,-9.5143,-18.2541
6.9025,-9.50289,-18.2625
8.41634,-9.49363,-18.2146
9.9333,-9.47839,-18.1994
11.4491,-9.46256,-18.1422
12.9634,-9.44038,-18.1069
14.4792,-9.41823,-18.047
15.995,-9.39694,-17.9683
17.5096,-9.37068,-17.875
19.0239,-9.34182,-17.7541
20.5384,-9.31243,-17.6304
22.0545,-9.2846,-17.5158
23.5717,-9.25988,-17.41
25.0893,-9.23898,-17.3158
26.6069,-9.22178,-17.2349
28.1244,-9.20781,-17.1684
29.6415,-9.19648,-17.1163
31.1582,-9.18722,-17.0773
32.6744,-9.17953,-17.0495
34.1901,-9.173,-17.0306
35.7054,-9.16732,-17.0183
37.2202,-9.1623,-17.0107
38.7346,-9.15776,-17.0061
40.2486,-9.15362,-17.0035
41.7624,-9.14978,-17.002
43.2758,-9.1462,-17.0011
44.789,-9.14284,-17.0006
46.302,-9.13965,-17.0003
47.8147,-9.13661,-17.0001
49.3273,-9.13369,-17
50.8396,-9.13088,-17
52.3518,-9.12816,-17
53.8638,-9.1255,-17
55.3756,-9.1229,-17
56.8873,-9.12033,-17
58.3989,-9.11778,-17
59.9103,-9.11524,-17
61.4217,-9.11268,-17
62.9329,-9.11011,-17
64.444,-9.10749,-17
65.955,-9.10482,-17
67.4659,-9.10208,-17
68.9768,-9.09925,-17
70.4879,-9.09632,-17
72,-9.09327,-17
73.5,-9.09327,-17
75,-9.09327,-17
-74.25,-7.79423,-17
-72.75,-7.79423,-17
-71.25,-7.79423,-17
-69.751,-7.83782,-17.0101
-68.2539,-7.88132,-17.0304
-66.7584,-7.92477,-17.0607
-65.2642,-7.96813,-17.0962
-63.7707,-8.01143,-17.1306
-62.2776,-8.05486,-17.1578
-60.7848,-8.09872,-17.1727
-59.2922,-8.14336,-17.1715
-57.7998,-8.18905,-17.1519
-56.3071,-8.23589,-17.1132
-54.8109,-8.28392,-17.0568
-53.3009,-8.33402,-16.9873
-51.7505,-8.39062,-16.9133
-50.1148,-8.46898,-16.858
-48.3671,-8.59621,-16.8959
-46.5772,-8.76281,-17.1519
-44.8911,-8.83101,-17.6918
-43.2363,-8.90861,-17.2841
-41.558,-8.84499,-16.9618
-40.471,-8.74039,-15.7275
-38.8359,-8.8489,-16.2014
-37.1874,-8.97776,-16.6914
-36.9705,-8.55337,-18.8996
-36.3531,-11.1082,-18.6586
-35.1883,-9.68358,-15.8478
-33.8079,-9.59392,-16.5943
-33.2533,-7.90335,-18.2101
-29.7313,-9.55848,-18.5432
-28.4066,-8.91747,-17.5353
-26.9965,-8.60685,-16.6852
-25.4394,-8.53307,-16.5659
-23.9105,-8.49968,-16.5553
-22.3932,-8.47308,-16.6027
-20.8836,-8.44859,-16.7037
-19.3807,-8.42392,-16.8503
-17.8845,-8.39712,-17.0331
-16.3941,-8.36636,-17.2412
-14.9071,-8.33206,-17.4592
-13.4197,-8.29618,-17.6605
-11.9294,-8.26155,-17.8322
-10.4315,-8.2314,-17.9621
-8.92975,-8.20877,-18.0594
-7.42282,-8.20402,-18.0794
-5.91447,-8.20015,-18.1011
-4.40595,-8.20376,-18.0913
-2.89578,-8.20978,-18.0819
-1.38682,-8.21795,-18.0575
0.121053,-8.22235,-18.0432
1.6294,-8.22481,-18.0239
3.13883,-8.22486,-18.0048
4.64964,-8.21966,-17.9919
6.16123,-8.21131,-17.9775
7.67399,-8.19962,-17.9677
9.18617,-8.18638,-17.9462
10.6982,-8.17064,-17.9259
12.2104,-8.14961,-17.9034
13.725,-8.12818,-17.8706
15.2375,-8.10734,-17.8266
16.7518,-8.08216,-17.7754
18.2663,-8.05611,-17.7072
19.7815,-8.02966,-17.629
21.298,-8.00369,-17.5455
22.8153,-7.9797,-17.4598
24.333,-7.95834,-17.3756
25.8507,-7.93987,-17.2963
27.3682,-7.92421,-17.2253
28.8854,-7.91105,-17.165
30.4023,-7.90004,-17.1164
31.9186,-7.89077,-17.079
33.4345,-7.8829,-17.0517
34.9499,-7.87611,-17.0326
36.4649,-7.87016,-17.0198
37.9794,-7.86486,-17.0116
39.4936,-7.86007,-17.0065
41.0074,-7.8557,-17.0035
42.5209,-7.85166,-17.0018
44.0341,-7.84789,-17.0008
45.547,-7.84436,-17.0003
47.0598,-7.84102,-17.0001
48.5723,-7.83784,-17
50.0847,-7.83479,-16.9999
51.5968,-7.83186,-16.9999
53.1088,-7.82901,-16.9999
54.6206,-7.82624,-17
56.1323,-7.82353,-17
57.6439,-7.82085,-17
59.1553,-7.81819,-17
60.6666,-7.81553,-17
62.1777,-7.81287,-17
63.6888,-7.81018,-17
65.1998,-7.80745,-17
66.7107,-7.80466,-17
68.2214,-7.8018,-17
69.732,-7.79886,-17
71.242,-7.79581,-17
72.75,-7.79423,-17
74.25,-7.79423,-17
75.75,-7.79423,-17
-75,-6.49519,-17
-73.5,-6.49519,-17
-72,-6.49519,-17
-70.5001,-6.51567,-17.0067
-69.0023,-6.5566,-17.0234
-67.5061,-6.59757,-17.0479
-66.0113,-6.63854,-17.0755
-64.5175,-6.6795,-17.1012
-63.0244,-6.72053,-17.1204
-61.5318,-6.7618,-17.1295
-60.0398,-6.80354,-17.1263
-58.5482,-6.84588,-17.1097
-57.057,-6.88893,-17.0801
-55.5645,-6.93282,-17.0383
-54.0661,-6.97841,-16.987
-52.5474,-7.02948,-16.9305
-50.9776,-7.09927,-16.8768
-49.3219,-7.21345,-16.8485
-47.6044,-7.36938,-16.9041
-45.9277,-7.49382,-17.0845
-44.3081,-7.54414,-17.2694
-42.7188,-7.63616,-16.9866
-41.4089,-7.52993,-16.2406
-39.9699,-7.44865,-15.5792
-38.3379,-7.74956,-15.6819
-37.5608,-7.73233,-17.3054
-36.7997,-8.4733,-19.7241
-35.6106,-4.08284,-14.5183
-34.6303,-6.84354,-14.5083
-33.3631,-7.61313,-15.6158
-31.5336,-7.96821,-16.2846
-29.6903,-7.59487,-17.1027
-27.818,-7.30029,-16.7709
-26.1614,-7.22269,-16.6164
-24.6175,-7.18553,-16.5454
-23.0986,-7.15989,-16.5269
-21.5886,-7.1393,-16.5593
-20.0842,-7.12025,-16.6384
-18.5847,-7.10039,-16.7573
-17.0901,-7.07776,-16.9074
-15.5997,-7.0511,-17.0777
-14.1125,-7.01836,-17.2641
-12.6211,-6.99253,-17.404
-11.1291,-6.96105,-17.5466
-9.63166,-6.9436,-17.6307
-8.13031,-6.93077,-17.689
-6.62762,-6.92504,-17.7187
-5.12234,-6.9229,-17.7337
-3.61649,-6.92522,-17.7319
-2.11007,-6.93008,-17.7224
-0.604298,-6.93316,-17.7125
0.9026,-6.93491,-17.702
2.40888,-6.93395,-17.696
3.91663,-6.93138,-17.6817
5.42512,-6.92467,-17.6767
6.93361,-6.91569,-17.6662
8.44306,-6.90288,-17.6586
9.95269,-6.88669,-17.6514
11.4629,-6.86746,-17.6467
12.9736,-6.8473,-17.6295
14.4852,-6.82491,-17.6112
15.9972,-6.80115,-17.5876
17.5103,-6.7753,-17.5597
19.0248,-6.74855,-17.5267
20.5409,-6.72277,-17.4848
22.0581,-6.69867,-17.4336
23.5759,-6.67684,-17.3751
25.0938,-6.65749,-17.3124
26.6115,-6.64059,-17.2501
28.1288,-6.62597,-17.1924
29.6458,-6.61343,-17.1422
31.1624,-6.6027,-17.101
32.6784,-6.59349,-17.0689
34.194,-6.58552,-17.0451
35.7092,-6.57857,-17.0284
37.2239,-6.57243,-17.0171
38.7382,-6.56693,-17.0098
40.2521,-6.56195,-17.0053
41.7657,-6.5574,-17.0027
43.2789,-6.55319,-17.0012
44.792,-6.54928,-17.0005
46.3047,-6.54561,-17.0001
47.8173,-6.54214,-16.9999
49.3296,-6.53884,-16.9999
50.8418,-6.53568,-16.9999
52.3538,-6.53264,-16.9999
53.8656,-6.52969,-17
55.3773,-6.52681,-17
56.8888,-6.524,-17
58.4002,-6.52121,-17
59.9115,-6.51845,-17
61.4226,-6.5157,-17
62.9337,-6.51293,-17
64.4446,-6.51013,-17
65.9555,-6.50729,-17
67.4663,-6.50439,-17
68.9771,-6.50142,-17
70.4881,-6.49836,-17
72,-6.49519,-17
73.5,-6.49519,-17
75,-6.49519,-17
-74.25,-5.19615,-17
-72.75,-5.19615,-17
-71.25,-5.19615,-17
-69.7511,-5.23453,-17.0158
-68.254,-5.27303,-17.0356
-66.7584,-5.31162,-17.0575
-65.264,-5.35027,-17.077
-63.7706,-5.38899,-17.0902
-62.2779,-5.42785,-17.0947
-60.786,-5.46694,-17.0893
-59.2947,-5.50633,-17.0741
-57.804,-5.54605,-17.0499
-56.3134,-5.58617,-17.0179
-54.8208,-5.62716,-16.9798
-53.3203,-5.67112,-16.9382
-51.7973,-5.72559,-16.8966
-50.2273,-5.80939,-16.8615
-48.6037,-5.93488,-16.8485
-46.9769,-6.06076,-16.8759
-45.3892,-6.1414,-16.9038
-43.835,-6.24069,-16.8187
-42.3999,-6.21161,-16.5751
-40.9848,-6.08354,-16.215
-39.582,-6.29361,-16.2001
-38.4722,-6.72693,-16.5777
-38.0772,-6.74906,-18.2651
-36.9089,-7.24807,-18.121
-35.7331,-8.42608,-17.7513
-34.0504,-7.5115,-16.5981
-32.9021,-5.5125,-14.7325
-30.7166,-6.19998,-16.3938
-28.7064,-6.02828,-16.8051
-26.9026,-5.92062,-16.7016
-25.3265,-5.8697,-16.586
-23.8061,-5.84242,-16.5129
-22.2974,-5.82373,-16.4839
-20.7935,-5.80861,-16.4985
-19.293,-5.79426,-16.5529
-17.7958,-5.77866,-16.6409
-16.3021,-5.76027,-16.7551
-14.8108,-5.73906,-16.8824
-13.3204,-5.71649,-17.0086
-11.8284,-5.6948,-17.1184
-10.3348,-5.67656,-17.2078
-8.83846,-5.66119,-17.2798
-7.33935,-5.65368,-17.3189
-5.83851,-5.64734,-17.3509
-4.33585,-5.64577,-17.3642
-2.83234,-5.64695,-17.3663
-1.32865,-5.65039,-17.3572
0.175839,-5.65054,-17.3564
1.68048,-5.64986,-17.3524
3.18562,-5.64734,-17.3475
4.69126,-5.64219,-17.3433
6.19747,-5.63392,-17.3412
7.70397,-5.62263,-17.3403
9.21139,-5.60824,-17.3404
10.7193,-5.59065,-17.3429
12.2277,-5.57059,-17.3457
13.7371,-5.54786,-17.3494
15.2473,-5.52537,-17.3428
16.7586,-5.49982,-17.3412
18.2713,-5.47256,-17.3428
19.7857,-5.44548,-17.3412
21.3019,-5.41959,-17.3335
22.819,-5.3962,-17.3121
24.3367,-5.37551,-17.2783
25.8545,-5.35728,-17.2367
27.372,-5.34129,-17.192
28.8891,-5.32734,-17.1489
30.4058,-5.31521,-17.1105
31.922,-5.30469,-17.0785
33.4378,-5.29553,-17.0534
34.9531,-5.28753,-17.0347
36.468,-5.28048,-17.0216
37.9825,-5.27421,-17.0127
39.4965,-5.26857,-17.0071
41.0102,-5.26345,-17.0036
42.5236,-5.25877,-17.0017
44.0367,-5.25443,-17.0006
45.5495,-5.2504,-17.0001
47.0621,-5.24661,-16.9999
48.5745,-5.24304,-16.9999
50.0867,-5.23963,-16.9999
51.5987,-5.23638,-16.9999
53.1105,-5.23324,-16.9999
54.6222,-5.2302,-17
56.1337,-5.22723,-17
57.6451,-5.22432,-17
59.1564,-5.22144,-17
60.6675,-5.21859,-17
62.1785,-5.21573,-17
63.6895,-5.21286,-17
65.2003,-5.20997,-17
66.7111,-5.20702,-17
68.2217,-5.20402,-17
69.7322,-5.20095,-17
71.2421,-5.19778,-17
72.75,-5.19615,-17
74.25,-5.19615,-17
75.75,-5.19615,-17
-75,-3.89711,-17
-73.5,-3.89711,-17
-72,-3.89711,-17
-70.5001,-3.91506,-17.0086
-69.0022,-3.9511,-17.0238
-67.5057,-3.98734,-17.0417
-66.0106,-4.02373,-17.0566
-64.5165,-4.06021,-17.0656
-63.0234,-4.09678,-17.0669
-61.5312,-4.13346,-17.0599
-60.0399,-4.17023,-17.0454
-58.5493,-4.20707,-17.0247
-57.0592,-4.24398,-16.9991
-55.5689,-4.28112,-16.9703
-54.0762,-4.3194,-16.9398
-52.5757,-4.3621,-16.9094
-51.0566,-4.41858,-16.882
-49.5092,-4.5027,-16.8623
-47.9463,-4.60708,-16.8568
-46.3962,-4.69526,-16.8578
-44.8647,-4.76784,-16.8305
-43.3889,-4.78943,-16.7816
-41.9321,-4.79785,-16.8707
-40.5427,-5.0153,-17.1522
-39.22,-5.22689,-17.0673
-37.8793,-5.57396,-17.4833
-37.1868,-5.26229,-18.3476
-35.8509,-4.3349,-17.7678
-34.8435,-3.5795,-16.3938
-33.4633,-3.66214,-15.1964
-31.3285,-4.49839,-16.0138
-29.3972,-4.66183,-16.7907
-27.6062,-4.61731,-16.7899
-26.0304,-4.55277,-16.6546
-24.5127,-4.52255,-16.542
-23.0071,-4.50451,-16.4626
-21.5056,-4.49185,-16.4199
-20.0061,-4.48138,-16.4139
-18.5083,-4.47108,-16.4411
-17.0126,-4.45963,-16.4956
-15.519,-4.44625,-16.5695
-14.0268,-4.4316,-16.6518
-12.5348,-4.41664,-16.7316
-11.0424,-4.40151,-16.8086
-9.54811,-4.38867,-16.8729
-8.0524,-4.37837,-16.9254
-6.5545,-4.37156,-16.9619
-5.05483,-4.36937,-16.9795
-3.55414,-4.36681,-16.9964
-2.05243,-4.3672,-17.0002
-0.550152,-4.3681,-16.9991
0.952662,-4.36866,-16.995
2.45596,-4.36511,-16.9992
3.95968,-4.36232,-16.9935
5.46396,-4.35437,-16.9989
6.96852,-4.34478,-17.002
8.47381,-4.33177,-17.0087
9.97955,-4.31597,-17.0181
11.4863,-4.29747,-17.0291
12.9936,-4.27593,-17.0451
14.5023,-4.25293,-17.0593
16.0115,-4.22809,-17.0763
17.5225,-4.20277,-17.0892
19.0346,-4.17215,-17.1342
20.5484,-4.14384,-17.1674
22.064,-4.11789,-17.1888
23.5806,-4.09479,-17.1947
25.0979,-4.07471,-17.1835
26.6152,-4.05714,-17.1611
28.1323,-4.04174,-17.1332
29.6491,-4.02824,-17.1043
31.1654,-4.01642,-17.0776
32.6814,-4.00608,-17.0551
34.1969,-3.99701,-17.0372
35.7119,-3.98901,-17.0239
37.2265,-3.98192,-17.0146
38.7407,-3.97557,-17.0083
40.2546,-3.96984,-17.0044
41.7681,-3.96463,-17.0021
43.2813,-3.95984,-17.0008
44.7942,-3.95541,-17.0002
46.3068,-3.95128,-16.9999
47.8193,-3.9474,-16.9998
49.3315,-3.94374,-16.9998
50.8435,-3.94025,-16.9999
52.3554,-3.9369,-16.9999
53.8671,-3.93368,-17
55.3786,-3.93056,-17
56.89,-3.9275,-17
58.4012,-3.92451,-17
59.9124,-3.92154,-17
61.4234,-3.9186,-17
62.9343,-3.91565,-17
64.4452,-3.91269,-17
65.9559,-3.9097,-17
67.4666,-3.90666,-17
68.9773,-3.90356,-17
70.4882,-3.90039,-17
72,-3.89711,-17
73.5,-3.89711,-17
75,-3.89711,-17
-74.25,-2.59808,-17
-72.75,-2.59808,-17
-71.25,-2.59808,-17
-69.7509,-2.63169,-17.014
-68.2534,-2.66561,-17.028
-66.7573,-2.69976,-17.0395
-65.2625,-2.73407,-17.0457
-63.7688,-2.76848,-17.0449
-62.2761,-2.80293,-17.0371
-60.7843,-2.83737,-17.0233
-59.2934,-2.87171,-17.005
-57.8031,-2.9059,-16.9839
-56.3134,-2.93996,-16.9616
-54.8234,-2.9742,-16.939
-53.3312,-3.00982,-16.9173
-51.8329,-3.05048,-16.8976
-50.3237,-3.1036,-16.882
-48.8044,-3.17354,-16.8738
-47.2861,-3.24861,-16.8753
-45.7764,-3.31361,-16.8803
-44.2839,-3.35187,-16.8922
-42.7991,-3.38309,-16.9701
-41.3397,-3.48304,-17.2666
-39.9139,-3.64091,-17.3106
-38.538,-3.85888,-17.1643
-37.2022,-4.13041,-17.5039
-36.5809,-3.83362,-18.1422
-34.731,-3.58215,-18.2293
-33.3137,-3.47508,-16.997
-31.6222,-3.42565,-16.903
-29.8805,-3.34212,-16.9591
-28.2674,-3.28549,-16.8744
-26.7283,-3.23112,-16.7323
-25.2174,-3.20053,-16.5952
-23.7162,-3.18314,-16.4782
-22.2184,-3.17216,-16.3883
-20.7214,-3.16432,-16.3287
-19.2248,-3.15775,-16.2995
-17.729,-3.15128,-16.2973
-16.2343,-3.14425,-16.3164
-14.7408,-3.13664,-16.3493
-13.2478,-3.12856,-16.3902
-11.7551,-3.12218,-16.4259
-10.262,-3.10953,-16.4896
-8.76762,-3.10383,-16.5239
-7.27191,-3.09375,-16.5752
-5.77489,-3.08903,-16.6033
-4.27619,-3.0867,-16.6213
-2.77668,-3.08605,-16.6314
-1.27577,-3.08648,-16.6338
0.225096,-3.08518,-16.6394
1.72725,-3.08335,-16.643
3.22926,-3.07931,-16.6482
4.73239,-3.0745,-16.6488
6.23553,-3.06707,-16.6524
7.73912,-3.05537,-16.6646
9.24353,-3.04349,-16.6725
10.7483,-3.02417,-16.6995
12.2544,-3.00659,-16.7143
13.761,-2.98168,-16.755
15.2693,-2.96027,-16.7721
16.7777,-2.93004,-16.832
18.2876,-2.90122,-16.8883
19.8001,-2.87367,-16.9361
21.312,-2.84204,-17.016
22.8265,-2.81569,-17.0661
24.3424,-2.79313,-17.0926
25.859,-2.7736,-17.1003
27.3758,-2.75659,-17.0945
28.8925,-2.74168,-17.0812
30.4088,-2.72858,-17.0649
31.9248,-2.71707,-17.0488
33.4404,-2.70693,-17.0346
34.9556,-2.69797,-17.0232
36.4704,-2.69003,-17.0147
37.9847,-2.68294,-17.0087
39.4987,-2.67656,-17.0047
41.0124,-2.67079,-17.0023
42.5257,-2.66551,-17.0009
44.0387,-2.66065,-17.0002
45.5514,-2.65615,-16.9999
47.0639,-2.65195,-16.9998
48.5762,-2.648,-16.9998
50.0883,-2.64426,-16.9999
51.6002,-2.64069,-16.9999
53.1119,-2.63728,-17
54.6234,-2.63398,-17
56.1348,-2.63078,-17
57.6461,-2.62765,-17
59.1572,-2.62457,-17
60.6683,-2.62153,-17
62.1792,-2.6185,-17
63.69,-2.61547,-17
65.2008,-2.61242,-17
66.7114,-2.60934,-17
68.222,-2.60621,-17
69.7323,-2.60302,-17
71.2422,-2.59975,-17
72.75,-2.59808,-17
74.25,-2.59808,-17
75.75,-2.59808,-17
-75,-1.29904,-17
-73.5,-1.29904,-17
-72,-1.29904,-17
-70.5,-1.3147,-17.0067
-69.0016,-1.34632,-17.0164
-67.5046,-1.37827,-17.0255
-66.0088,-1.41047,-17.0297
-64.5143,-1.4428,-17.0278
-63.0208,-1.47517,-17.0198
-61.5284,-1.50748,-17.0069
-60.0369,-1.53962,-16.9907
-58.5462,-1.5715,-16.9729
-57.0563,-1.60307,-16.9551
-55.5667,-1.63438,-16.9382
-54.077,-1.66581,-16.9228
-52.5857,-1.69858,-16.9094
-51.0909,-1.73565,-16.8986
-49.5915,-1.78071,-16.8919
-48.0905,-1.83302,-16.8917
-46.5924,-1.88539,-16.9
-45.0989,-1.92836,-16.918
-43.606,-1.96717,-16.9583
-42.1139,-2.03077,-17.067
-40.642,-2.12849,-17.1605
-39.2,-2.25141,-17.1744
-37.7886,-2.40334,-17.1666
-36.4804,-2.41044,-17.2983
-35.1732,-2.24121,-17.3185
-33.5739,-2.14084,-17.3826
-32.0157,-2.10555,-17.1552
-30.4786,-2.01985,-17.0657
-28.9387,-1.94527,-16.9477
-27.424,-1.90287,-16.8056
-25.9213,-1.87607,-16.6573
-24.425,-1.86034,-16.515
-22.9312,-1.85092,-16.3882
-21.4375,-1.84498,-16.2837
-19.9433,-1.84099,-16.2044
-18.4488,-1.83802,-16.1498
-16.9545,-1.83549,-16.1171
-15.4607,-1.83347,-16.0998
-13.9672,-1.83169,-16.0945
-12.4742,-1.82828,-16.1074
-10.9808,-1.82338,-16.1327
-9.48736,-1.8168,-16.1691
-7.99221,-1.81191,-16.1991
-6.49653,-1.80785,-16.2265
-4.9997,-1.80406,-16.251
-3.50152,-1.80708,-16.2515
-2.00232,-1.80305,-16.2729
-0.502108,-1.80637,-16.264
0.998526,-1.79962,-16.2905
2.49983,-1.80019,-16.2818
4.0019,-1.79095,-16.3089
5.50384,-1.7895,-16.296
7.00755,-1.78166,-16.2998
8.50936,-1.76388,-16.3412
10.0136,-1.74771,-16.37
11.5179,-1.73358,-16.3824
13.0232,-1.70754,-16.446
14.5294,-1.6836,-16.4932
16.0381,-1.66165,-16.5226
17.545,-1.62909,-16.6224
19.054,-1.59781,-16.7127
20.5637,-1.56718,-16.8089
22.0753,-1.53798,-16.8995
23.5888,-1.51234,-16.9703
25.104,-1.49057,-17.0128
26.62,-1.47178,-17.0345
28.1362,-1.45541,-17.0417
29.6524,-1.44104,-17.0401
31.1684,-1.42838,-17.0339
32.684,-1.4172,-17.0262
34.1993,-1.4073,-17.0188
35.7141,-1.3985,-17.0126
37.2286,-1.39065,-17.0078
38.7428,-1.38361,-17.0044
40.2565,-1.37724,-17.0022
41.77,-1.37145,-17.0009
43.2831,-1.36614,-17.0003
44.7959,-1.36124,-16.9999
46.3085,-1.35668,-16.9998
47.8209,-1.35242,-16.9998
49.333,-1.34841,-16.9999
50.8449,-1.34461,-16.9999
52.3567,-1.34099,-16.9999
53.8682,-1.33751,-17
55.3797,-1.33414,-17
56.891,-1.33087,-17
58.4021,-1.32768,-17
59.9131,-1.32453,-17
61.4241,-1.32141,-17
62.9349,-1.3183,-17
64.4456,-1.31519,-17
65.9563,-1.31206,-17
67.4669,-1.3089,-17
68.9775,-1.30568,-17
70.4883,-1.3024,-17
72,-1.29904,-17
73.5,-1.29904,-17
75,-1.29904,-17
-74.25,0,-17
-72.75,0,-17
-71.25,0,-17
-69.7504,-0.0293532,-17.0082
-68.2523,-0.0591404,-17.0146
-66.7556,-0.089257,-17.0172
-65.2601,-0.119577,-17.0148
-63.7658,-0.149973,-17.0072
-62.2726,-0.180316,-16.9954
-60.7804,-0.210479,-16.9811
-59.289,-0.240347,-16.966
-57.7985,-0.269829,-16.9515
-56.3086,-0.298884,-16.9386
-54.8191,-0.327578,-16.9278
-53.3297,-0.35626,-16.919
-51.8395,-0.385905,-16.9123
-50.3478,-0.41822,-16.908
-48.8548,-0.45431,-16.9072
-47.362,-0.492741,-16.9118
-45.8703,-0.530193,-16.924
-44.3779,-0.567287,-16.9466
-42.8843,-0.613722,-16.9867
-41.3971,-0.675251,-17.0425
-39.9237,-0.749147,-17.0926
-38.4672,-0.823017,-17.1288
-37.0318,-0.854782,-17.1578
-35.5913,-0.821538,-17.1859
-34.1255,-0.774379,-17.2022
-32.6326,-0.718307,-17.17
-31.1333,-0.656723,-17.0996
-29.6261,-0.605041,-16.9983
-28.1227,-0.570396,-16.8677
-26.6264,-0.549352,-16.7182
-25.1344,-0.536526,-16.5608
-23.6443,-0.528964,-16.4068
-22.1541,-0.524667,-16.2657
-20.6629,-0.522542,-16.1432
-19.1708,-0.522015,-16.0415
-17.6781,-0.522743,-15.9602
-16.1851,-0.524514,-15.8971
-14.6919,-0.526981,-15.8501
-13.1988,-0.533319,-15.7981
-11.7049,-0.527744,-15.8206
-10.2111,-0.530263,-15.8088
-8.71628,-0.521256,-15.8589
-7.22133,-0.524383,-15.8548
-5.72402,-0.522979,-15.8691
-4.22822,-0.514673,-15.9157
-2.72923,-0.514628,-15.9264
-1.23088,-0.520507,-15.9078
0.269917,-0.51325,-15.9437
1.77055,-0.509988,-15.9552
3.27142,-0.504283,-15.9717
4.7733,-0.499268,-15.9841
6.27574,-0.493534,-15.9852
7.77813,-0.484473,-16.0005
9.28066,-0.468434,-16.0381
10.7842,-0.450836,-16.0824
12.288,-0.430056,-16.1357
13.7931,-0.406677,-16.1983
15.2989,-0.380958,-16.2711
16.8056,-0.353501,-16.3552
18.3123,-0.322669,-16.4647
19.8212,-0.29502,-16.5561
21.3271,-0.26008,-16.713
22.8373,-0.231728,-16.8244
24.3504,-0.207672,-16.9043
25.865,-0.187069,-16.9569
27.3805,-0.169234,-16.988
28.8963,-0.153629,-17.0043
30.412,-0.139877,-17.0111
31.9276,-0.127706,-17.0123
33.4429,-0.116899,-17.0107
34.9578,-0.107275,-17.0081
36.4724,-0.0986727,-17.0055
37.9867,-0.0909475,-17.0033
39.5006,-0.0839734,-17.0018
41.0141,-0.0776402,-17.0008
42.5274,-0.0718534,-17.0002
44.0403,-0.0665321,-16.9999
45.553,-0.0616076,-16.9998
47.0654,-0.0570211,-16.9998
48.5776,-0.0527223,-16.9999
50.0896,-0.0486674,-16.9999
51.6014,-0.0448183,-16.9999
53.113,-0.0411415,-17
54.6245,-0.0376067,-17
56.1358,-0.0341869,-17
57.647,-0.0308576,-17
59.158,-0.0275959,-17
60.6689,-0.0243811,-17
62.1798,-0.0211937,-17
63.6905,-0.0180157,-17
65.2011,-0.0148301,-17
66.7117,-0.0116213,-17
68.2222,-0.0083748,-17
69.7325,-0.00507764,-17
71.2422,-0.00171889,-17
72.75,0,-17
74.25,0,-17
75.75,0,-17
-75,1.29904,-17
-73.5,1.29904,-17
-72,1.29904,-17
-70.4996,1.28541,-17.0032
-69.0007,1.25776,-17.0067
-67.503,1.22968,-17.0082
-66.0065,1.20132,-17.0055
-64.5113,1.17282,-16.9984
-63.0171,1.14433,-16.988
-61.524,1.116,-16.9755
-60.0319,1.08794,-16.9626
-58.5406,1.06027,-16.9508
-57.0501,1.03307,-16.9408
-55.5602,1.00638,-16.9332
-54.0708,0.980156,-16.9278
-52.5817,0.954149,-16.9242
-51.0923,0.927775,-16.9221
-49.6026,0.900319,-16.922
-48.1126,0.871613,-16.9245
-46.6226,0.842201,-16.9316
-45.1321,0.811808,-16.945
-43.6409,0.777612,-16.9671
-42.1519,0.737485,-16.9989
-40.6689,0.692382,-17.0383
-39.1938,0.648349,-17.0809
-37.7276,0.619421,-17.1207
-36.2645,0.617609,-17.1507
-34.7928,0.640107,-17.1643
-33.3107,0.674205,-17.1542
-31.8195,0.710285,-17.1108
-30.3229,0.741333,-17.0314
-28.827,0.763846,-16.9172
-27.3347,0.778601,-16.7733
-25.8457,0.787795,-16.6088
-24.3585,0.793147,-16.4353
-22.8716,0.795802,-16.2644
-21.3836,0.796412,-16.1052
-19.8945,0.795181,-15.9619
-18.4043,0.792066,-15.8357
-16.9131,0.787359,-15.7281
-15.4211,0.781469,-15.6391
-13.9281,0.775928,-15.5742
-12.434,0.773041,-15.5394
-10.9392,0.772543,-15.5292
-9.44455,0.774715,-15.5396
-7.94903,0.775808,-15.5549
-6.45274,0.776103,-15.5606
-4.95607,0.776391,-15.5751
-3.45819,0.777393,-15.5918
-1.95943,0.777146,-15.6018
-0.460054,0.777749,-15.6125
1.04026,0.78014,-15.6272
2.54233,0.779342,-15.6194
4.04232,0.791506,-15.6696
5.54511,0.797039,-15.6808
7.04703,0.797948,-15.6618
8.55109,0.810201,-15.6903
10.0518,0.832518,-15.7705
11.5572,0.846857,-15.8052
13.0586,0.874939,-15.9104
14.5649,0.895713,-15.9675
16.0679,0.92744,-16.0999
17.576,0.953287,-16.1864
19.0771,0.988475,-16.3644
20.5817,1.02009,-16.52
22.0883,1.04972,-16.6654
23.5983,1.07569,-16.7825
25.111,1.09789,-16.8665
26.6253,1.11707,-16.9234
28.1405,1.13382,-16.9597
29.6559,1.14858,-16.9814
31.1713,1.16166,-16.9933
32.6866,1.17332,-16.9991
34.2016,1.18373,-17.0013
35.7162,1.19306,-17.0018
37.2306,1.20146,-17.0014
38.7446,1.20904,-17.0009
40.2583,1.21592,-17.0004
41.7716,1.2222,-17.0001
43.2847,1.22796,-16.9999
44.7974,1.23328,-16.9998
46.3099,1.23821,-16.9998
47.8222,1.24281,-16.9999
49.3343,1.24714,-16.9999
50.8461,1.25123,-16.9999
52.3578,1.25511,-17
53.8693,1.25883,-17
55.3806,1.26241,-17
56.8918,1.26588,-17
58.4028,1.26927,-17
59.9138,1.27258,-17
61.4246,1.27586,-17
62.9354,1.27911,-17
64.446,1.28236,-17
65.9566,1.28561,-17
67.4671,1.2889,-17
68.9776,1.29222,-17
70.4884,1.29559,-17
72,1.29904,-17
73.5,1.29904,-17
75,1.29904,-17
-74.25,2.59808,-17
-72.75,2.59808,-17
-71.25,2.59808,-17
-69.7498,2.57253,-17.0022
-68.251,2.54647,-17.0024
-66.7535,2.52004,-16.9994
-65.2573,2.49338,-16.993
-63.7622,2.46667,-16.9839
-62.2681,2.44005,-16.9732
-60.7751,2.41365,-16.9623
-59.283,2.38761,-16.9525
-57.7916,2.36203,-16.9448
-56.3011,2.33697,-16.9394
-54.8112,2.3125,-16.9362
-53.3218,2.2886,-16.9349
-51.8328,2.26516,-16.9347
-50.3439,2.24192,-16.9354
-48.8551,2.21865,-16.9374
-47.3663,2.19525,-16.9415
-45.8771,2.17135,-16.9494
-44.3876,2.14602,-16.9628
-42.8989,2.11872,-16.9834
-41.4127,2.09009,-17.0113
-39.9303,2.06266,-17.0452
-38.4516,2.04166,-17.0814
-36.9748,2.03274,-17.1138
-35.4964,2.03723,-17.1349
-34.0126,2.05151,-17.1366
-32.5231,2.06916,-17.1109
-31.0304,2.0852,-17.0514
-29.5377,2.09771,-16.9547
-28.0472,2.10646,-16.8214
-26.5596,2.11204,-16.6567
-25.0745,2.11505,-16.4701
-23.5905,2.11595,-16.2744
-22.1059,2.11507,-16.0823
-20.6199,2.11246,-15.9023
-19.1326,2.10774,-15.7364
-17.6442,2.10042,-15.5852
-16.1542,2.09128,-15.4519
-14.6619,2.08312,-15.3502
-13.1679,2.07785,-15.2876
-11.6723,2.07546,-15.2572
-10.1757,2.06954,-15.2188
-8.68089,2.07781,-15.2634
-7.18379,2.07713,-15.2664
-5.68738,2.06884,-15.2339
-4.18848,2.07462,-15.2737
-2.69062,2.07393,-15.2844
-1.19024,2.06824,-15.2706
0.30926,2.07699,-15.3239
1.81044,2.07407,-15.3081
3.31154,2.08525,-15.364
4.81363,2.09145,-15.3823
6.31531,2.09697,-15.3958
7.81841,2.10655,-15.422
9.32144,2.12011,-15.468
10.8238,2.13927,-15.5392
12.3266,2.16044,-15.6239
13.8287,2.18606,-15.7338
15.3318,2.21245,-15.8517
16.834,2.24194,-15.9947
18.3369,2.27203,-16.1485
19.8383,2.30358,-16.3275
21.3411,2.33318,-16.5035
22.8476,2.36016,-16.6543
24.358,2.38348,-16.7686
25.8708,2.40375,-16.8515
27.3851,2.42147,-16.9087
28.9,2.43711,-16.9465
30.4152,2.45101,-16.9704
31.9304,2.46344,-16.9846
33.4454,2.47459,-16.9927
34.9601,2.48461,-16.9969
36.4745,2.49365,-16.9988
37.9886,2.50184,-16.9996
39.5024,2.50927,-16.9999
41.0158,2.51605,-16.9999
42.529,2.52226,-16.9999
44.0418,2.52798,-16.9999
45.5544,2.53327,-16.9999
47.0668,2.5382,-16.9999
48.5789,2.54281,-16.9999
50.0908,2.54715,-17
51.6025,2.55126,-17
53.114,2.55517,-17
54.6254,2.55892,-17
56.1366,2.56254,-17
57.6477,2.56605,-17
59.1586,2.56948,-17
60.6695,2.57286,-17
62.1802,2.57619,-17
63.6909,2.5795,-17
65.2015,2.58281,-17
66.7119,2.58613,-17
68.2223,2.58948,-17
69.7326,2.59287,-17
71.2423,2.59632,-17
72.75,2.59808,-17
74.25,2.59808,-17
75.75,2.59808,-17
-75,3.89711,-17
-73.5,3.89711,-17
-72,3.89711,-17
-70.4993,3.8853,-17.0002
-68.9996,3.86122,-16.9992
-67.5012,3.83668,-16.9961
-66.0039,3.81183,-16.9904
-64.5078,3.78685,-16.9825
-63.0128,3.76188,-16.9734
-61.5188,3.73706,-16.9643
-60.0258,3.71254,-16.9563
-58.5336,3.68841,-16.9502
-57.0422,3.66478,-16.9463
-55.5516,3.64173,-16.9447
-54.0616,3.61933,-16.9447
-52.5721,3.5976,-16.9458
-51.0831,3.57653,-16.9474
-49.5943,3.55606,-16.9493
-48.1058,3.5361,-16.952
-46.6172,3.51644,-16.9565
-45.1285,3.49669,-16.9643
-43.64,3.47668,-16.9772
-42.1524,3.45682,-16.9963
-40.6663,3.43823,-17.0214
-39.1819,3.42287,-17.0509
-37.6984,3.41304,-17.0805
-36.2141,3.40981,-17.1043
-34.7275,3.41204,-17.1145
-33.2381,3.41744,-17.1028
-31.7465,3.42367,-17.0609
-30.2546,3.42911,-16.9823
-28.7642,3.43315,-16.8634
-27.2766,3.43567,-16.7047
-25.7924,3.43655,-16.5118
-24.3109,3.43566,-16.2954
-22.8299,3.43312,-16.0723
-21.3477,3.4291,-15.8571
-19.8635,3.42326,-15.656
-18.378,3.41455,-15.4663
-16.8904,3.40335,-15.2901
-15.4001,3.39217,-15.1492
-13.9072,3.37787,-15.0175
-12.4095,3.38011,-15.0017
-10.9126,3.3796,-14.9808
-9.41553,3.38037,-14.9812
-7.91846,3.38113,-14.9842
-6.42124,3.37924,-14.9841
-4.92212,3.37631,-14.9824
-3.42307,3.36686,-14.9507
-1.92344,3.37428,-15.0023
-0.423603,3.37667,-15.0305
1.07748,3.3794,-15.0555
2.57852,3.38348,-15.0801
4.08121,3.38937,-15.1061
5.58362,3.38792,-15.0852
7.08652,3.40246,-15.1475
8.58996,3.41491,-15.1946
10.0951,3.42541,-15.2256
11.5948,3.45135,-15.3547
13.0999,3.47108,-15.4379
14.5959,3.50318,-15.6217
16.1005,3.52852,-15.7396
17.5956,3.56076,-15.9582
19.1003,3.58825,-16.1032
20.5951,3.61935,-16.3441
22.0981,3.64626,-16.5247
23.6058,3.6701,-16.6679
25.1168,3.69104,-16.7759
26.63,3.70948,-16.8539
28.1444,3.72584,-16.9083
29.6593,3.74044,-16.9447
31.1743,3.75355,-16.9681
32.6893,3.76536,-16.9826
34.204,3.77603,-16.991
35.7185,3.78569,-16.9957
37.2327,3.79446,-16.9981
38.7465,3.80243,-16.9992
40.2601,3.80971,-16.9997
41.7733,3.81638,-16.9999
43.2862,3.82251,-16.9999
44.7989,3.82818,-16.9999
46.3113,3.83344,-16.9999
47.8235,3.83835,-16.9999
49.3355,3.84295,-17
50.8472,3.84729,-17
52.3588,3.85141,-17
53.8702,3.85535,-17
55.3814,3.85912,-17
56.8925,3.86277,-17
58.4035,3.86632,-17
59.9144,3.86979,-17
61.4251,3.87321,-17
62.9358,3.87659,-17
64.4463,3.87996,-17
65.9569,3.88333,-17
67.4673,3.88671,-17
68.9778,3.89013,-17
70.4884,3.89359,-17
72,3.89711,-17
73.5,3.89711,-17
75,3.89711,-17
-74.25,5.19615,-17
-72.75,5.19615,-17
-71.25,5.19615,-17
-69.7491,5.17403,-16.9983
-68.2496,5.15136,-16.9951
-66.7513,5.1283,-16.9899
-65.2542,5.10501,-16.9832
-63.7582,5.08165,-16.9756
-62.2632,5.05836,-16.968
-60.7693,5.03528,-16.9614
-59.2762,5.01253,-16.9565
-57.7839,4.99021,-16.9537
-56.2925,4.96842,-16.953
-54.8017,4.94725,-16.9539
-53.3115,4.92676,-16.9558
-51.8219,4.90703,-16.9581
-50.3327,4.88808,-16.9601
-48.8438,4.86994,-16.9621
-47.355,4.85253,-16.9646
-45.8664,4.83574,-16.9688
-44.3778,4.81948,-16.9762
-42.8894,4.80392,-16.9884
-41.4015,4.78953,-17.006
-39.9142,4.77706,-17.0286
-38.4272,4.76734,-17.0538
-36.9397,4.76092,-17.077
-35.451,4.7576,-17.0919
-33.9607,4.75656,-17.0902
-32.469,4.75682,-17.0631
-30.9768,4.75755,-17.002
-29.4855,4.75818,-16.9
-27.9968,4.7583,-16.7533
-26.5121,4.7575,-16.5621
-25.032,4.75518,-16.333
-23.555,4.751,-16.0795
-22.0781,4.74492,-15.8238
-20.5977,4.738,-15.5887
-19.1147,4.72887,-15.369
-17.629,4.717,-15.1642
-16.1452,4.69698,-14.9416
-14.6473,4.69418,-14.8549
-13.1503,4.68841,-14.7766
-11.6526,4.67837,-14.6937
-10.1546,4.68625,-14.7208
-8.65565,4.68782,-14.7239
-7.15821,4.67927,-14.6821
-5.65841,4.68437,-14.7225
-4.15875,4.68164,-14.7207
-2.65785,4.67292,-14.6869
-1.15801,4.68051,-14.7524
0.343857,4.68332,-14.7804
1.84523,4.68522,-14.805
3.34697,4.69172,-14.842
4.85017,4.69699,-14.8699
6.35469,4.69689,-14.8499
7.85809,4.71313,-14.9332
9.36164,4.72803,-15.0007
10.8652,4.7454,-15.0878
12.3649,4.76969,-15.2229
13.8633,4.79563,-15.3846
15.3596,4.82445,-15.5742
16.8548,4.85271,-15.7786
18.3511,4.88105,-15.9929
19.8488,4.90821,-16.2005
21.3494,4.93432,-16.399
22.8542,4.95803,-16.568
24.3633,4.97915,-16.6988
25.8754,4.99799,-16.797
27.389,5.01486,-16.8678
28.9036,5.03003,-16.9172
30.4185,5.04372,-16.9502
31.9334,5.05613,-16.9715
33.4481,5.06739,-16.9846
34.9626,5.07763,-16.9922
36.4768,5.08695,-16.9964
37.9907,5.09545,-16.9986
39.5044,5.10322,-16.9995
41.0177,5.11035,-16.9999
42.5307,5.1169,-17
44.0434,5.12294,-17
45.5559,5.12855,-17
47.0681,5.13376,-17
48.5801,5.13864,-17
50.0919,5.14323,-17
51.6035,5.14756,-17
53.115,5.15169,-17
54.6262,5.15563,-17
56.1374,5.15942,-17
57.6484,5.1631,-17
59.1592,5.16668,-17
60.67,5.17018,-17
62.1807,5.17364,-17
63.6912,5.17707,-17
65.2017,5.18049,-17
66.7122,5.18391,-17
68.2225,5.18735,-17
69.7327,5.19083,-17
71.2423,5.19436,-17
72.75,5.19615,-17
74.25,5.19615,-17
75.75,5.19615,-17
-75,6.49519,-17
-73.5,6.49519,-17
-72,6.49519,-17
-70.4988,6.485,-16.9986
-68.9986,6.46417,-16.9956
-67.4993,6.44288,-16.991
-66.0013,6.42126,-16.9853
-64.5043,6.39949,-16.9789
-63.0084,6.37771,-16.9727
-61.5134,6.35604,-16.9673
-60.0194,6.33462,-16.9634
-58.5263,6.31355,-16.9614
-57.034,6.29293,-16.9612
-55.5424,6.27287,-16.9625
-54.0515,6.25344,-16.9648
-52.5611,6.23472,-16.9673
-51.0712,6.21678,-16.9696
-49.5817,6.19969,-16.9713
-48.0924,6.18346,-16.9727
-46.6033,6.16809,-16.9746
-45.1143,6.15355,-16.9784
-43.6254,6.1399,-16.9854
-42.1365,6.12732,-16.997
-40.6477,6.11606,-17.0133
-39.1588,6.10644,-17.0334
-37.6695,6.09868,-17.0544
-36.1795,6.0928,-17.071
-34.6884,6.08856,-17.076
-33.1962,6.08554,-17.0608
-31.7033,6.08332,-17.0157
-30.2108,6.08153,-16.9316
-28.7204,6.07981,-16.8013
-27.234,6.0777,-16.6208
-25.7533,6.0745,-16.3907
-24.2793,6.06908,-16.1151
-22.8087,6.06137,-15.8177
-21.3348,6.0525,-15.538
-19.8552,6.04263,-15.2848
-18.3715,6.03219,-15.0619
-16.8837,6.01953,-14.8586
-15.3948,6.00334,-14.6546
-13.8947,6.00181,-14.5897
-12.395,5.997,-14.5151
-10.896,5.99373,-14.4728
-9.39666,5.99555,-14.4673
-7.8963,5.99505,-14.4669
-6.39656,5.99404,-14.4694
-4.89578,5.99261,-14.4757
-3.39494,5.98982,-14.4799
-1.89348,5.98846,-14.4947
-0.391264,5.98985,-14.5233
1.11107,5.98423,-14.5113
2.61466,5.98897,-14.5487
4.11542,6.00234,-14.6345
5.62064,6.00879,-14.6709
7.12508,6.01621,-14.7036
8.63199,6.02278,-14.7206
10.1338,6.04487,-14.8481
11.6397,6.06,-14.9299
13.1333,6.09011,-15.1389
14.628,6.11876,-15.3457
16.1187,6.147,-15.5815
17.6092,6.17444,-15.8302
19.1028,6.20025,-16.0672
20.6005,6.22463,-16.2831
22.1033,6.2474,-16.4694
23.6105,6.26822,-16.6209
25.1212,6.28712,-16.7383
26.6341,6.30426,-16.8256
28.1482,6.31983,-16.8881
29.6629,6.33401,-16.9312
31.1777,6.34693,-16.9597
32.6924,6.35873,-16.9778
34.2069,6.3695,-16.9886
35.7212,6.37935,-16.9948
37.2351,6.38836,-16.998
38.7488,6.39662,-16.9995
40.2621,6.40419,-17.0001
41.7752,6.41116,-17.0002
43.288,6.41758,-17.0002
44.8005,6.42353,-17.0001
46.3128,6.42906,-17
47.8249,6.43422,-17
49.3367,6.43906,-17
50.8483,6.44362,-17
52.3598,6.44795,-17
53.8711,6.45206,-17
55.3822,6.45601,-17
56.8933,6.45982,-17
58.4041,6.46351,-17
59.9149,6.46711,-17
61.4256,6.47065,-17
62.9362,6.47414,-17
64.4467,6.47761,-17
65.9571,6.48108,-17
67.4675,6.48455,-17
68.9779,6.48805,-17
70.4885,6.49159,-17
72,6.49519,-17
73.5,6.49519,-17
75,6.49519,-17
-74.25,7.79423,-17
-72.75,7.79423,-17
-71.25,7.79423,-17
-69.7484,7.77521,-16.9969
-68.2481,7.75566,-16.993
-66.7491,7.73571,-16.9882
-65.2511,7.71552,-16.983
-63.7542,7.69523,-16.9779
-62.2584,7.67496,-16.9735
-60.7634,7.65485,-16.9704
-59.2694,7.63501,-16.9688
-57.7762,7.61553,-16.9688
-56.2838,7.59652,-16.9703
-54.7921,7.57807,-16.9726
-53.3009,7.56025,-16.9752
-51.8103,7.54314,-16.9776
-50.3201,7.5268,-16.9792
-48.8302,7.5113,-16.9801
-47.3405,7.49665,-16.9808
-45.851,7.48289,-16.9822
-44.3614,7.47004,-16.9857
-42.8719,7.45814,-16.9925
-41.3822,7.4473,-17.0036
-39.8923,7.43762,-17.0188
-38.402,7.42919,-17.0365
-36.9112,7.42203,-17.0528
-35.4194,7.41607,-17.0619
-33.9267,7.41115,-17.0557
-32.4332,7.40702,-17.0247
-30.9396,7.40348,-16.9584
-29.4474,7.40027,-16.8474
-27.9586,7.39706,-16.6841
-26.4758,7.39326,-16.4643
-25.0008,7.38786,-16.1894
-23.5335,7.37983,-15.8683
-22.0784,7.36563,-15.486
-20.5948,7.35876,-15.2422
-19.1216,7.34312,-14.939
-17.6274,7.33821,-14.7694
-16.1358,7.32751,-14.5861
-14.6396,7.31937,-14.4461
-13.1397,7.3137,-14.3489
-11.6418,7.30233,-14.2353
-10.1393,7.30132,-14.205
-8.63851,7.30777,-14.2426
-7.13598,7.30011,-14.1995
-5.63511,7.30632,-14.2507
-4.13305,7.299,-14.2186
-2.63088,7.30325,-14.2746
-1.12738,7.29641,-14.2511
0.374197,7.30215,-14.3214
1.87741,7.30473,-14.3563
3.38086,7.30998,-14.4067
4.88487,7.31763,-14.4594
6.3914,7.32466,-14.497
7.8962,7.33553,-14.5536
9.40233,7.348,-14.6254
10.9049,7.36649,-14.7392
12.4055,7.38747,-14.8922
13.8995,7.4137,-15.1016
15.3977,7.43801,-15.2998
16.8733,7.46818,-15.6344
18.3606,7.49352,-15.9124
19.8541,7.51674,-16.157
21.3538,7.53831,-16.3663
22.8588,7.5584,-16.5393
24.3679,7.577,-16.6762
25.8798,7.59415,-16.7804
27.3933,7.60995,-16.8568
28.9077,7.62448,-16.9106
30.4223,7.63784,-16.9469
31.937,7.65011,-16.9705
33.4515,7.66138,-16.9849
34.9658,7.67172,-16.9932
36.4797,7.68121,-16.9976
37.9934,7.68993,-16.9996
39.5068,7.69794,-17.0004
41.0199,7.70532,-17.0005
42.5327,7.71213,-17.0004
44.0453,7.71843,-17.0002
45.5576,7.72428,-17.0001
47.0696,7.72972,-17
48.5815,7.73482,-17
50.0932,7.73961,-17
51.6047,7.74414,-17
53.116,7.74843,-17
54.6271,7.75254,-17
56.1382,7.75648,-17
57.6491,7.76029,-17
59.1598,7.76399,-17
60.6705,7.76762,-17
62.1811,7.77118,-17
63.6916,7.77471,-17
65.202,7.77821,-17
66.7124,7.78172,-17
68.2227,7.78525,-17
69.7328,7.7888,-17
71.2424,7.7924,-17
72.75,7.79423,-17
74.25,7.79423,-17
75.75,7.79423,-17
-75,9.09327,-17
-73.5,9.09327,-17
-72,9.09327,-17
-70.4984,9.08456,-16.9984
-68.9975,9.06672,-16.9953
-67.4976,9.04843,-16.9913
-65.9987,9.02981,-16.9871
-64.5009,9.01101,-16.983
-63.0041,8.99216,-16.9795
-61.5082,8.97336,-16.977
-60.0133,8.95475,-16.9758
-58.5193,8.93641,-16.9759
-57.026,8.91844,-16.9772
-55.5335,8.90094,-16.9794
-54.0416,8.88398,-16.9819
-52.5502,8.86763,-16.9841
-51.0593,8.85197,-16.9857
-49.5687,8.83704,-16.9865
-48.0784,8.82289,-16.9865
-46.5883,8.80956,-16.9866
-45.0982,8.79706,-16.9877
-43.6081,8.78542,-16.9912
-42.1178,8.77466,-16.9981
-40.6273,8.76483,-17.0089
-39.1364,8.75595,-17.023
-37.6449,8.74802,-17.0379
-36.1528,8.74102,-17.0489
-34.6597,8.73484,-17.0493
-33.1658,8.72937,-17.03
-31.6714,8.72447,-16.9804
-30.1777,8.71997,-16.8897
-28.6865,8.71569,-16.7477
-27.2006,8.71127,-16.5471
-25.7227,8.70603,-16.2854
-24.2551,8.6988,-15.9647
-22.7942,8.68874,-15.608
-21.3316,8.67839,-15.257
-19.8562,8.66759,-14.9623
-18.3716,8.65782,-14.7165
-16.8856,8.64445,-14.4714
-15.3844,8.64156,-14.3556
-13.8889,8.62997,-14.1799
-12.3858,8.6288,-14.1313
-10.884,8.62588,-14.0699
-9.38171,8.62445,-14.0442
-7.87923,8.62349,-14.0371
-6.3758,8.6225,-14.0367
-4.87373,8.62271,-14.0553
-3.37005,8.62076,-14.0739
-1.86705,8.61971,-14.0954
-0.36307,8.61869,-14.1172
1.13998,8.6195,-14.1546
2.64309,8.62372,-14.2119
4.14986,8.62337,-14.2228
5.65399,8.63508,-14.3194
7.16331,8.64019,-14.3275
8.66692,8.65671,-14.4491
10.1757,8.66794,-14.4971
11.6749,8.69002,-14.6764
13.1784,8.70732,-14.8181
14.6613,8.73699,-15.1176
16.1438,8.76279,-15.4156
17.6251,8.78787,-15.7249
19.1121,8.81026,-16.0074
20.6072,8.83069,-16.248
22.109,8.84978,-16.4471
23.616,8.86775,-16.6065
25.1265,8.88465,-16.7297
26.6392,8.90047,-16.8214
28.1531,8.91522,-16.8872
29.6675,8.92891,-16.9324
31.182,8.94159,-16.9621
32.6965,8.9533,-16.9807
34.2107,8.9641,-16.9915
35.7246,8.97405,-16.9972
37.2383,8.98321,-16.9999
38.7516,8.99165,-17.0009
40.2647,8.99943,-17.001
41.7776,9.00661,-17.0008
43.2901,9.01326,-17.0005
44.8024,9.01942,-17.0002
46.3145,9.02515,-17.0001
47.8264,9.03051,-17
49.3381,9.03554,-17
50.8496,9.04027,-17
52.3609,9.04475,-17
53.8721,9.04902,-17
55.3831,9.0531,-17
56.894,9.05703,-17
58.4048,9.06084,-17
59.9155,9.06455,-17
61.4261,9.06819,-17
62.9366,9.07177,-17
64.447,9.07533,-17
65.9574,9.07887,-17
67.4677,9.08242,-17
68.978,9.08599,-17
70.4885,9.0896,-17
72,9.09327,-17
73.5,9.09327,-17
75,9.09327,-17
-74.25,10.3923,-17
-72.75,10.3923,-17
-71.25,10.3923,-17
-69.7477,10.3761,-16.9974
-68.2468,10.3595,-16.9943
-66.747,10.3424,-16.9909
-65.2483,10.3251,-16.9877
-63.7505,10.3077,-16.9849
-62.2538,10.2902,-16.9829
-60.758,10.2729,-16.9819
-59.2631,10.2557,-16.982
-57.7691,10.2388,-16.9831
-56.2757,10.2222,-16.985
-54.7831,10.2061,-16.9873
-53.291,10.1906,-16.9894
-51.7994,10.1756,-16.9909
-50.3082,10.1612,-16.9916
-48.8173,10.1475,-16.9914
-47.3265,10.1345,-16.9908
-45.8359,10.1222,-16.9905
-44.3453,10.1107,-16.9917
-42.8545,10.0999,-16.9955
-41.3635,10.09,-17.0027
-39.8722,10.0807,-17.0134
-38.3803,10.0722,-17.0261
-36.8879,10.0645,-17.0375
-35.3947,10.0574,-17.0423
-33.9005,10.0509,-17.0323
-32.4057,10.0449,-16.9977
-30.9109,10.0393,-16.9269
-29.4177,10.0339,-16.8084
-27.9287,10.0287,-16.632
-26.4472,10.0233,-16.3911
-24.9756,10.017,-16.087
-23.5148,10.0091,-15.7304
-22.0576,9.99956,-15.3491
-20.6036,9.98727,-14.9487
-19.114,9.98108,-14.7139
-17.6247,9.97335,-14.4923
-16.1298,9.96559,-14.3052
-14.6321,9.95921,-14.1532
-13.1318,9.9535,-14.0273
-11.6305,9.94905,-13.9409
-10.1273,9.94764,-13.8984
-8.62379,9.94023,-13.8305
-7.11955,9.94335,-13.869
-5.61416,9.93839,-13.8328
-4.11118,9.94286,-13.9113
-2.60621,9.93759,-13.8873
-1.10219,9.94014,-13.9574
0.402587,9.93525,-13.9397
1.90792,9.93725,-13.9908
3.40817,9.94536,-14.1222
4.91524,9.95012,-14.1843
6.42372,9.95516,-14.1849
7.92919,9.96862,-14.3106
9.43575,9.98224,-14.3962
10.9417,9.99831,-14.4966
12.4421,10.0163,-14.6568
13.936,10.037,-14.8864
15.4179,10.0612,-15.187
16.8954,10.084,-15.5164
18.3759,10.1051,-15.8316
19.8652,10.1244,-16.1066
21.3625,10.1424,-16.3373
22.8664,10.1595,-16.5238
24.3748,10.1759,-16.6694
25.8862,10.1915,-16.7792
27.3994,10.2063,-16.859
28.9134,10.2203,-16.9147
30.4276,10.2333,-16.9519
31.9419,10.2454,-16.9754
33.456,10.2566,-16.9893
34.9699,10.2669,-16.9968
36.4835,10.2765,-17.0003
37.9968,10.2854,-17.0016
39.5098,10.2935,-17.0017
41.0226,10.3011,-17.0013
42.5352,10.308,-17.0008
44.0475,10.3145,-17.0005
45.5595,10.3205,-17.0002
47.0714,10.3262,-17
48.5831,10.3314,-17
50.0946,10.3364,-17
51.6059,10.341,-17
53.1171,10.3455,-17
54.6281,10.3497,-17
56.139,10.3537,-17
57.6498,10.3577,-17
59.1605,10.3615,-17
60.6711,10.3652,-17
62.1815,10.3688,-17
63.692,10.3724,-17
65.2023,10.376,-17
66.7126,10.3796,-17
68.2228,10.3832,-17
69.7329,10.3868,-17
71.2424,10.3904,-17
72.75,10.3923,-17
74.25,10.3923,-17
75.75,10.3923,-17
-75,11.6913,-17
-73.5,11.6913,-17
-72,11.6913,-17
-70.498,11.684,-16.9988
-68.9965,11.669,-16.9967
-67.4959,11.6535,-16.9941
-65.9963,11.6377,-16.9917
-64.4978,11.6217,-16.9895
-63.0002,11.6056,-16.988
-61.5035,11.5895,-16.9872
-60.0078,11.5735,-16.9872
-58.5129,11.5577,-16.9881
-57.0188,11.5421,-16.9896
-55.5254,11.5269,-16.9915
-54.0326,11.5121,-16.9934
-52.5403,11.4978,-16.9948
-51.0485,11.484,-16.9955
-49.557,11.4707,-16.9953
-48.0657,11.4581,-16.9945
-46.5746,11.4461,-16.9935
-45.0835,11.4347,-16.9933
-43.5923,11.4239,-16.9949
-42.101,11.4138,-16.9992
-40.6093,11.4043,-17.0069
-39.1172,11.3955,-17.0171
-37.6245,11.3872,-17.0279
-36.1312,11.3794,-17.0352
-34.637,11.3721,-17.0322
-33.142,11.3652,-17.0102
-31.6467,11.3585,-16.9581
-30.1521,11.3521,-16.8635
-28.6604,11.3459,-16.7145
-27.1749,11.3399,-16.5011
-25.6991,11.3339,-16.2191
-24.2357,11.3274,-15.8722
-22.7806,11.3206,-15.4847
-21.3222,11.3117,-15.1067
-19.8513,11.3045,-14.7751
-18.3729,11.2957,-14.4667
-16.8721,11.2919,-14.3185
-15.3808,11.2841,-14.0914
-13.8764,11.2807,-13.9882
-12.3793,11.273,-13.8176
-10.8743,11.2698,-13.7398
-9.3693,11.2714,-13.765
-7.86288,11.269,-13.7476
-6.35808,11.2638,-13.691
-4.85278,11.2671,-13.7731
-3.34799,11.2664,-13.8043
-1.84353,11.2651,-13.8255
-0.338914,11.2632,-13.8537
1.16576,11.264,-13.9031
2.66853,11.2651,-13.992
4.17334,11.269,-14.0835
5.68026,11.2742,-14.1568
7.1864,11.2833,-14.2209
8.69423,11.2959,-14.2991
10.2017,11.3099,-14.3818
11.7118,11.323,-14.4437
13.2056,11.3421,-14.6917
14.7031,11.3588,-14.9111
16.1698,11.3818,-15.2944
17.6461,11.4016,-15.6328
19.129,11.4195,-15.9407
20.6205,11.4363,-16.2061
22.12,11.4524,-16.4239
23.6255,11.468,-16.596
25.135,11.4833,-16.7273
26.6469,11.498,-16.8238
28.1602,11.512,-16.8922
29.674,11.5252,-16.9384
31.188,11.5376,-16.9681
32.7019,11.5492,-16.986
34.2156,11.5599,-16.9959
35.7291,11.5699,-17.0006
37.2423,11.5791,-17.0023
38.7552,11.5876,-17.0025
40.268,11.5955,-17.002
41.7804,11.6028,-17.0013
43.2927,11.6096,-17.0007
44.8047,11.6159,-17.0003
46.3166,11.6218,-17.0001
47.8282,11.6273,-17
49.3397,11.6324,-16.9999
50.851,11.6373,-16.9999
52.3622,11.6419,-17
53.8732,11.6462,-17
55.3841,11.6504,-17
56.8949,11.6545,-17
58.4055,11.6583,-17
59.9161,11.6621,-17
61.4266,11.6658,-17
62.937,11.6695,-17
64.4473,11.6731,-17
65.9576,11.6767,-17
67.4679,11.6803,-17
68.9781,11.684,-17
70.4886,11.6876,-17
72,11.6913,-17
73.5,11.6913,-17
75,11.6913,-17
-74.25,12.9904,-17
-72.75,12.9904,-17
-71.25,12.9904,-17
-69.7471,12.9769,-16.9984
-68.2456,12.963,-16.9966
-66.7451,12.9487,-16.9948
-65.2457,12.9341,-16.9932
-63.7473,12.9194,-16.992
-62.2498,12.9046,-16.9914
-60.7533,12.8898,-16.9914
-59.2576,12.8751,-16.992
-57.7627,12.8606,-16.9932
-56.2686,12.8463,-16.9948
-54.7751,12.8324,-16.9963
-53.2822,12.8188,-16.9976
-51.7898,12.8056,-16.9983
-50.2977,12.7929,-16.9982
-48.8059,12.7806,-16.9973
-47.3143,12.7689,-16.9961
-45.8228,12.7577,-16.9951
-44.3312,12.747,-16.9953
-42.8395,12.7369,-16.9976
-41.3476,12.7272,-17.0027
-39.8553,12.718,-17.0106
-38.3625,12.7093,-17.0201
-36.8691,12.701,-17.0283
-35.375,12.6931,-17.0302
-33.8801,12.6854,-17.0182
-32.3845,12.6779,-16.9824
-30.889,12.6706,-16.9109
-29.3953,12.6633,-16.7908
-27.9062,12.6564,-16.6095
-26.4256,12.65,-16.3584
-24.9571,12.6442,-16.036
-23.4997,12.6385,-15.6558
-22.0575,12.6332,-15.213
-20.5786,12.6281,-14.9121
-19.1099,12.6231,-14.5605
-17.6107,12.6183,-14.3877
-16.1164,12.6136,-14.1887
-14.6208,12.6098,-14.0053
-13.122,12.6051,-13.8499
-11.6196,12.6025,-13.7364
-10.115,12.5995,-13.6832
-8.6085,12.5973,-13.6613
-7.10188,12.5946,-13.6529
-5.59666,12.5934,-13.6658
-4.09075,12.5939,-13.7027
-2.58542,12.5926,-13.7318
-1.07992,12.5884,-13.7067
0.424211,12.5896,-13.811
1.93134,12.588,-13.8365
3.43113,12.5907,-14.0042
4.93481,12.5936,-14.109
6.44466,12.6011,-14.1305
7.9479,12.6099,-14.2646
9.45887,12.6243,-14.2768
10.9632,12.6372,-14.4196
12.4745,12.6522,-14.5039
13.9615,12.6672,-14.7885
15.4452,12.6833,-15.0875
16.9222,12.7004,-15.4196
18.3989,12.7166,-15.7546
19.8838,12.7316,-16.0541
21.3777,12.7464,-16.3054
22.8791,12.7611,-16.5075
24.3859,12.7758,-16.6635
25.8961,12.7902,-16.7797
27.4082,12.8042,-16.863
28.9213,12.8176,-16.9204
30.4348,12.8302,-16.9578
31.9484,12.8421,-16.9809
33.4619,12.8531,-16.9939
34.9751,12.8634,-17.0004
36.4882,12.873,-17.0029
38.001,12.8818,-17.0034
39.5136,12.8901,-17.0028
41.026,12.8977,-17.0019
42.5381,12.9047,-17.0011
44.0501,12.9113,-17.0006
45.5619,12.9174,-17.0002
47.0735,12.9231,-17
48.585,12.9285,-16.9999
50.0962,12.9335,-16.9999
51.6074,12.9383,-16.9999
53.1184,12.9428,-17
54.6292,12.9471,-17
56.14,12.9512,-17
57.6506,12.9552,-17
59.1612,12.9591,-17
60.6716,12.9629,-17
62.182,12.9666,-17
63.6924,12.9702,-17
65.2026,12.9739,-17
66.7128,12.9775,-17
68.223,12.9811,-17
69.733,12.9848,-17
71.2424,12.9885,-17
72.75,12.9904,-17
74.25,12.9904,-17
75.75,12.9904,-17
-75,14.2894,-17
-73.5,14.2894,-17
-72,14.2894,-17
-70.4976,14.2834,-16.9994
-68.9956,14.271,-16.9983
-67.4945,14.2582,-16.9971
-65.9943,14.2451,-16.9959
-64.4951,14.2317,-16.9951
-62.9968,14.2183,-16.9946
-61.4995,14.2047,-16.9946
-60.0031,14.1912,-16.995
-58.5075,14.1778,-16.9959
-57.0126,14.1645,-16.9971
-55.5185,14.1515,-16.9984
-54.0249,14.1387,-16.9994
-52.5319,14.1262,-17.0001
-51.0393,14.114,-17.0001
-49.5471,14.1022,-16.9994
-48.055,14.0909,-16.9982
-46.5631,14.0799,-16.9969
-45.0712,14.0694,-16.9963
-43.5792,14.0592,-16.9972
-42.0871,14.0495,-17.0003
-40.5946,14.0402,-17.006
-39.1017,14.0312,-17.0139
-37.6083,14.0225,-17.0221
-36.1143,14.0141,-17.0268
-34.6195,14.0058,-17.0223
-33.124,13.9977,-16.9999
-31.6281,13.9895,-16.949
-30.133,13.9814,-16.8571
-28.6409,13.9734,-16.711
-27.1553,13.9661,-16.4986
-25.6809,13.96,-16.2093
-24.2184,13.9562,-15.8546
-22.7612,13.9519,-15.4757
-21.2993,13.9504,-15.1093
-19.8272,13.9461,-14.7861
-18.3448,13.9437,-14.5212
-16.8528,13.941,-14.3012
-15.36,13.9383,-14.0907
-13.8711,13.9351,-13.8492
-12.3645,13.9327,-13.7578
-10.8635,13.9291,-13.6029
-9.35401,13.928,-13.6088
-7.84778,13.9252,-13.588
-6.33929,13.921,-13.5425
-4.83453,13.9218,-13.6366
-3.32696,13.92,-13.6091
-1.8224,13.9187,-13.6954
-0.316344,13.9177,-13.7333
1.18733,13.9154,-13.8132
2.68912,13.913,-13.9396
4.19498,13.9143,-14.0191
5.6929,13.9155,-14.1996
7.19848,13.9234,-14.2852
8.70565,13.9349,-14.3576
10.2131,13.9491,-14.4224
11.7201,13.9636,-14.523
13.2216,13.9768,-14.6839
14.7138,13.9911,-14.9259
16.1974,14.0037,-15.2248
17.6735,14.0168,-15.5579
19.153,14.0288,-15.8836
20.6398,14.0418,-16.1723
22.1362,14.0553,-16.4054
23.6394,14.0692,-16.5879
25.1471,14.0832,-16.7259
26.6577,14.097,-16.8265
28.1698,14.1104,-16.8967
29.6826,14.1232,-16.9436
31.1957,14.1353,-16.9731
32.7088,14.1466,-16.9903
34.2217,14.1572,-16.9993
35.7345,14.167,-17.0031
37.2471,14.1762,-17.0041
38.7596,14.1847,-17.0036
40.2718,14.1926,-17.0026
41.7839,14.1999,-17.0016
43.2957,14.2067,-17.0009
44.8074,14.2131,-17.0004
46.319,14.219,-17.0001
47.8304,14.2246,-16.9999
49.3416,14.2298,-16.9999
50.8527,14.2347,-16.9999
52.3636,14.2394,-16.9999
53.8745,14.2438,-17
55.3852,14.248,-17
56.8958,14.2521,-17
58.4063,14.2561,-17
59.9168,14.2599,-17
61.4271,14.2636,-17
62.9375,14.2673,-17
64.4477,14.271,-17
65.9579,14.2746,-17
67.4681,14.2783,-17
68.9783,14.282,-17
70.4887,14.2857,-17
72,14.2894,-17
73.5,14.2894,-17
75,14.2894,-17
-74.25,15.5885,-17
-72.75,15.5885,-17
-71.25,15.5885,-17
-69.7466,15.5775,-16.9993
-68.2445,15.5662,-16.9986
-66.7435,15.5546,-16.9978
-65.2435,15.5426,-16.9972
-63.7445,15.5305,-16.9969
-62.2464,15.5183,-16.9969
-60.7493,15.506,-16.9972
-59.253,15.4937,-16.9978
-57.7575,15.4815,-16.9987
-56.2627,15.4694,-16.9996
-54.7685,15.4574,-17.0005
-53.275,15.4457,-17.0011
-51.7818,15.4342,-17.0012
-50.2891,15.423,-17.0007
-48.7966,15.412,-16.9997
-47.3044,15.4014,-16.9984
-45.8122,15.3911,-16.9974
-44.3199,15.3811,-16.9973
-42.8276,15.3714,-16.999
-41.335,15.362,-17.0029
-39.842,15.3528,-17.0091
-38.3486,15.3439,-17.0165
-36.8547,15.3351,-17.0227
-35.3601,15.3264,-17.0231
-33.8648,15.3178,-17.011
-32.3689,15.309,-16.9773
-30.8731,15.3002,-16.9109
-29.3788,15.2913,-16.7992
-27.8888,15.2827,-16.6293
-26.4066,15.2753,-16.3909
-24.9356,15.27,-16.08
-23.4872,15.271,-15.6635
-22.0077,15.2658,-15.3787
-20.5529,15.2714,-14.983
-19.0748,15.2697,-14.687
-17.581,15.2628,-14.4908
-16.1027,15.2669,-14.1815
-14.6032,15.2625,-14.0206
-13.1075,15.263,-13.8302
-11.6069,15.2605,-13.6898
-10.1005,15.2574,-13.6049
-8.59457,15.2541,-13.4993
-7.08587,15.2521,-13.5557
-5.57916,15.2498,-13.591
-4.07182,15.2487,-13.6293
-2.5658,15.2472,-13.664
-1.05799,15.2456,-13.6927
0.450154,15.243,-13.6977
1.94879,15.2391,-13.8817
3.44647,15.2348,-14.0569
4.94329,15.2309,-14.2317
6.445,15.2337,-14.3658
7.95394,15.2493,-14.3922
9.45745,15.2554,-14.5193
10.968,15.2781,-14.5201
12.471,15.2874,-14.6784
13.979,15.3032,-14.7876
15.4637,15.3107,-15.0883
16.9589,15.3212,-15.3246
18.4237,15.3288,-15.7198
19.9052,15.339,-16.0345
21.3963,15.3508,-16.2961
22.8953,15.3637,-16.5044
24.4002,15.3771,-16.6643
25.9087,15.3906,-16.7829
27.4195,15.4039,-16.8674
28.9313,15.4167,-16.925
30.4437,15.4289,-16.9622
31.9563,15.4404,-16.9846
33.4689,15.4512,-16.9969
34.9814,15.4613,-17.0026
36.4937,15.4707,-17.0045
38.0059,15.4795,-17.0043
39.518,15.4876,-17.0033
41.0299,15.4952,-17.0022
42.5416,15.5023,-17.0012
44.0532,15.5088,-17.0006
45.5646,15.515,-17.0002
47.0759,15.5207,-17
48.5871,15.5261,-16.9999
50.0981,15.5312,-16.9999
51.609,15.536,-16.9999
53.1198,15.5405,-17
54.6305,15.5449,-17
56.1411,15.549,-17
57.6516,15.553,-17
59.162,15.5569,-17
60.6723,15.5607,-17
62.1826,15.5645,-17
63.6928,15.5681,-17
65.203,15.5718,-17
66.7131,15.5755,-17
68.2231,15.5791,-17
69.7331,15.5828,-17
71.2425,15.5866,-17
72.75,15.5885,-17
74.25,15.5885,-17
75.75,15.5885,-17
-75,16.8875,-17
-73.5,16.8875,-17
-72,16.8875,-17
-70.4973,16.8827,-16.9998
-68.9949,16.8728,-16.9994
-67.4933,16.8626,-16.999
-65.9926,16.8521,-16.9986
-64.4928,16.8414,-16.9984
-62.9941,16.8305,-16.9984
-61.4962,16.8194,-16.9986
-59.9992,16.8084,-16.999
-58.5031,16.7972,-16.9996
-57.0077,16.7862,-17.0004
-55.5129,16.7752,-17.0011
-54.0188,16.7642,-17.0016
-52.5252,16.7535,-17.0017
-51.032,16.7429,-17.0014
-49.5392,16.7325,-17.0006
-48.0466,16.7223,-16.9995
-46.5541,16.7123,-16.9984
-45.0616,16.7025,-16.9978
-43.5691,16.6929,-16.9985
-42.0764,16.6835,-17.001
-40.5834,16.6743,-17.0056
-39.09,16.6652,-17.0118
-37.5962,16.6562,-17.0182
-36.1018,16.6472,-17.0216
-34.6067,16.6382,-17.0168
-33.111,16.629,-16.9965
-31.6149,16.6197,-16.9514
-30.1194,16.6101,-16.8703
-28.6261,16.6005,-16.7418
-27.1377,16.5914,-16.5559
-25.6576,16.5841,-16.3039
-24.1854,16.5787,-16.002
-22.7167,16.5758,-15.6832
-21.2466,16.5753,-15.3613
-19.7747,16.576,-15.0534
-18.2994,16.5777,-14.76
-16.8195,16.5817,-14.474
-15.3369,16.5861,-14.209
-13.846,16.589,-13.974
-12.3561,16.5918,-13.7315
-10.8477,16.5878,-13.6644
-9.3405,16.5854,-13.5902
-7.83287,16.584,-13.5004
-6.32555,16.58,-13.5763
-4.81691,16.5782,-13.6175
-3.31014,16.5762,-13.65
-1.80182,16.5753,-13.6803
-0.295548,16.5719,-13.726
1.21447,16.5683,-13.7742
2.70602,16.56,-14.0191
4.19771,16.5512,-14.2448
5.69223,16.5433,-14.4489
7.19335,16.5435,-14.592
8.6979,16.5534,-14.6748
10.2055,16.5699,-14.7263
11.7123,16.5905,-14.7706
13.2187,16.607,-14.8691
14.7194,16.6192,-15.0374
16.2092,16.6262,-15.295
17.691,16.6313,-15.5978
19.1709,16.6383,-15.9143
20.6577,16.6478,-16.1935
22.1531,16.6593,-16.4206
23.655,16.6719,-16.5993
25.1613,16.6849,-16.7347
26.6704,16.698,-16.8334
28.1811,16.7108,-16.9023
29.6927,16.723,-16.948
31.2046,16.7347,-16.9765
32.7167,16.7457,-16.9928
34.2288,16.756,-17.001
35.7408,16.7656,-17.0043
37.2527,16.7745,-17.0048
38.7645,16.7829,-17.004
40.2762,16.7907,-17.0028
41.7878,16.7979,-17.0017
43.2992,16.8047,-17.0008
44.8105,16.811,-17.0003
46.3217,16.8169,-17
47.8328,16.8225,-16.9999
49.3437,16.8277,-16.9999
50.8545,16.8326,-16.9999
52.3653,16.8373,-16.9999
53.8759,16.8417,-17
55.3864,16.846,-17
56.8969,16.85,-17
58.4072,16.854,-17
59.9175,16.8578,-17
61.4278,16.8616,-17
62.938,16.8653,-17
64.4481,16.869,-17
65.9582,16.8726,-17
67.4683,16.8763,-17
68.9784,16.88,-17
70.4887,16.8837,-17
72,16.8875,-17
73.5,16.8875,-17
75,16.8875,-17
-74.25,18.1865,-17
-72.75,18.1865,-17
-71.25,18.1865,-17
-69.7462,18.1781,-16.9998
-68.2437,18.1693,-16.9996
-66.7422,18.1602,-16.9995
-65.2418,18.1509,-16.9993
-63.7423,18.1413,-16.9993
-62.2438,18.1316,-16.9995
-60.7462,18.1217,-16.9998
-59.2494,18.1118,-17.0002
-57.7534,18.1018,-17.0007
-56.2581,18.0918,-17.0012
-54.7635,18.0818,-17.0016
-53.2694,18.0719,-17.0018
-51.7758,18.062,-17.0016
-50.2826,18.0522,-17.0011
-48.7897,18.0425,-17.0002
-47.2969,18.0329,-16.9992
-45.8042,18.0235,-16.9984
-44.3115,18.0141,-16.9984
-42.8187,18.0048,-16.9998
-41.3257,17.9957,-17.003
-39.8324,17.9865,-17.008
-38.3386,17.9774,-17.014
-36.8444,17.9682,-17.0188
-35.3496,17.959,-17.0187
-33.8541,17.9495,-17.0081
-32.3582,17.9398,-16.9795
-30.8621,17.9297,-16.9237
-29.3669,17.9194,-16.8308
-27.8743,17.9091,-16.6915
-26.3863,17.8995,-16.5009
-24.9043,17.8913,-16.2612
-23.4276,17.8853,-15.9874
-21.9521,17.8811,-15.7043
-20.4785,17.8806,-15.4081
-19.005,17.8831,-15.1091
-17.5316,17.89,-14.7983
-16.0721,17.9082,-14.4179
-14.579,17.9103,-14.1974
-13.0907,17.9152,-13.9553
-11.5966,17.9201,-13.7276
-10.0872,17.9144,-13.6865
-8.57928,17.9119,-13.6215
-7.07132,17.9087,-13.605
-5.56283,17.9068,-13.6282
-4.05376,17.905,-13.604
-2.5468,17.9013,-13.7013
-1.03718,17.9023,-13.6785
0.467078,17.8931,-13.831
1.96638,17.884,-13.9976
3.46821,17.8778,-14.1726
4.94371,17.8577,-14.4978
6.43672,17.8475,-14.718
7.93781,17.8487,-14.856
9.44284,17.8604,-14.9339
10.9505,17.8819,-14.962
12.4592,17.9144,-14.9318
13.9628,17.9217,-15.0965
15.47,17.9381,-15.2199
16.948,17.9352,-15.5486
18.4313,17.9389,-15.8429
19.918,17.9461,-16.1149
21.4113,17.956,-16.3483
22.9108,17.9676,-16.5385
24.4149,17.9802,-16.6866
25.9224,17.9929,-16.7975
27.4318,18.0056,-16.8769
28.9424,18.0178,-16.9312
30.4537,18.0295,-16.9661
31.9652,18.0405,-16.987
33.4768,18.051,-16.9983
34.9884,18.0607,-17.0033
36.5,18.0699,-17.0048
38.0115,18.0784,-17.0044
39.5229,18.0864,-17.0033
41.0343,18.0938,-17.0021
42.5455,18.1007,-17.0011
44.0567,18.1072,-17.0005
45.5677,18.1133,-17.0001
47.0787,18.1189,-16.9999
48.5895,18.1243,-16.9999
50.1002,18.1293,-16.9999
51.6109,18.1341,-16.9999
53.1214,18.1386,-17
54.6319,18.1429,-17
56.1423,18.1471,-17
57.6526,18.1511,-17
59.1629,18.155,-17
60.6731,18.1588,-17
62.1832,18.1625,-17
63.6933,18.1662,-17
65.2034,18.1699,-17
66.7134,18.1735,-17
68.2233,18.1772,-17
69.7332,18.1809,-17
71.2425,18.1846,-17
72.75,18.1865,-17
74.25,18.1865,-17
75.75,18.1865,-17
-75,19.4856,-17
-73.5,19.4856,-17
-72,19.4856,-17
-70.4971,19.482,-17
-68.9943,19.4746,-16.9999
-67.4923,19.4669,-16.9999
-65.9913,19.459,-16.9998
-64.4911,19.4508,-16.9998
-62.992,19.4424,-16.9999
-61.4937,19.4339,-17.0001
-59.9964,19.4252,-17.0004
-58.4998,19.4163,-17.0008
-57.004,19.4074,-17.0011
-55.5089,19.3984,-17.0015
-54.0144,19.3894,-17.0017
-52.5204,19.3803,-17.0016
-51.0268,19.3712,-17.0012
-49.5336,19.3621,-17.0005
-48.0406,19.353,-16.9997
-46.5477,19.344,-16.9989
-45.0549,19.3349,-16.9986
-43.562,19.3259,-16.9992
-42.0689,19.3169,-17.0013
-40.5757,19.3078,-17.0051
-39.0821,19.2986,-17.0101
-37.588,19.2894,-17.0152
-36.0935,19.28,-17.0179
-34.5983,19.2704,-17.0139
-33.1026,19.2604,-16.9974
-31.6064,19.2501,-16.9611
-30.1104,19.2393,-16.8968
-28.6154,19.2282,-16.7965
-27.1229,19.2172,-16.6546
-25.6341,19.2067,-16.4704
-24.1493,19.1974,-16.2512
-22.6679,19.1899,-16.007
-21.1892,19.1855,-15.7442
-19.7128,19.1851,-15.4644
-18.2408,19.1913,-15.1583
-16.7717,19.2027,-14.8296
-15.301,19.2187,-14.5017
-13.8329,19.2389,-14.1476
-12.3299,19.2363,-13.993
-10.8292,19.2369,-13.854
-9.32704,19.2427,-13.6928
-7.8169,19.2361,-13.7011
-6.30765,19.2381,-13.6304
-4.80093,19.2303,-13.7149
-3.29333,19.2268,-13.7562
-1.78511,19.2248,-13.7981
-0.274501,19.2244,-13.8172
1.22346,19.209,-14.029
2.72702,19.2015,-14.1912
4.20106,19.1748,-14.5285
5.6857,19.1567,-14.8038
7.17956,19.1474,-15.0089
8.68163,19.1508,-15.1336
10.1872,19.1666,-15.1906
11.694,19.1902,-15.2081
13.2003,19.2153,-15.2428
14.7037,19.2291,-15.3665
16.1984,19.2355,-15.5693
17.6865,19.239,-15.8239
19.1751,19.2447,-16.0754
20.6683,19.2535,-16.3
22.1666,19.2642,-16.4907
23.6692,19.2762,-16.6446
25.1751,19.2886,-16.7635
26.6833,19.301,-16.8512
28.1929,19.3132,-16.913
29.7033,19.3248,-16.9541
31.2142,19.3359,-16.9797
32.7253,19.3464,-16.9943
34.2364,19.3563,-17.0016
35.7476,19.3655,-17.0043
37.2588,19.3742,-17.0045
38.77,19.3823,-17.0037
40.2811,19.3899,-17.0025
41.7921,19.3969,-17.0015
43.3031,19.4035,-17.0007
44.8139,19.4097,-17.0002
46.3247,19.4155,-17
47.8354,19.421,-16.9999
49.3461,19.4261,-16.9999
50.8566,19.431,-16.9999
52.3671,19.4356,-16.9999
53.8775,19.44,-17
55.3878,19.4442,-17
56.8981,19.4483,-17
58.4083,19.4522,-17
59.9184,19.456,-17
61.4285,19.4598,-17
62.9385,19.4634,-17
64.4486,19.4671,-17
65.9586,19.4707,-17
67.4685,19.4744,-17
68.9786,19.4781,-17
70.4888,19.4818,-17
72,19.4856,-17
73.5,19.4856,-17
75,19.4856,-17
-74.25,20.7846,-17
-72.75,20.7846,-17
-71.25,20.7846,-17
-69.7458,20.7786,-17
-68.243,20.7723,-17
-66.7413,20.7658,-17
-65.2405,20.759,-17.0001
-63.7407,20.752,-17.0002
-62.2419,20.7447,-17.0003
-60.744,20.7373,-17.0005
-59.2469,20.7297,-17.0007
-57.7506,20.7219,-17.001
-56.255,20.714,-17.0012
-54.7601,20.7059,-17.0014
-53.2657,20.6977,-17.0014
-51.7718,20.6895,-17.0011
-50.2783,20.6811,-17.0007
-48.7851,20.6726,-17
-47.292,20.664,-16.9993
-45.7991,20.6554,-16.9988
-44.3061,20.6467,-16.999
-42.8131,20.6379,-17.0002
-41.3199,20.629,-17.0029
-39.8264,20.6199,-17.0069
-38.3325,20.6107,-17.0116
-36.8382,20.6013,-17.0155
-35.3434,20.5916,-17.0155
-33.848,20.5815,-17.0075
-32.352,20.571,-16.9856
-30.8558,20.56,-16.9432
-29.3598,20.5485,-16.8735
-27.8649,20.5367,-16.7709
-26.372,20.5248,-16.6331
-24.8819,20.5134,-16.4617
-23.3948,20.5031,-16.2615
-21.9107,20.4952,-16.0374
-20.43,20.491,-15.7889
-18.9534,20.4925,-15.5131
-17.4819,20.5013,-15.2067
-16.0154,20.5175,-14.8722
-14.5447,20.536,-14.5433
-13.0705,20.5577,-14.2191
-11.5673,20.5541,-14.0967
-10.065,20.557,-13.9587
-8.56235,20.5588,-13.8564
-7.05514,20.5587,-13.8136
-5.54696,20.5554,-13.8131
-4.03946,20.5524,-13.8435
-2.53188,20.5484,-13.8927
-1.02476,20.5415,-13.9642
0.477914,20.5304,-14.0949
1.9733,20.5133,-14.3082
3.45787,20.4912,-14.5767
4.93827,20.4687,-14.873
6.42565,20.4521,-15.1234
7.92286,20.4471,-15.2996
9.42584,20.454,-15.405
10.9309,20.4721,-15.4526
12.4376,20.4973,-15.4706
13.9456,20.5308,-15.4566
15.4408,20.5306,-15.667
16.9354,20.5361,-15.8692
18.4282,20.5425,-16.0817
19.9231,20.551,-16.284
21.4214,20.5614,-16.4639
22.9233,20.5729,-16.615
24.4281,20.585,-16.736
25.9352,20.5972,-16.8283
27.4439,20.6092,-16.8954
28.9535,20.6208,-16.9416
30.4637,20.6319,-16.9715
31.9742,20.6424,-16.9894
33.4849,20.6523,-16.999
34.9957,20.6616,-17.0032
36.5065,20.6703,-17.0044
38.0174,20.6785,-17.0039
39.5282,20.6862,-17.0028
41.039,20.6934,-17.0018
42.5497,20.7001,-17.0009
44.0604,20.7064,-17.0003
45.571,20.7123,-17
47.0816,20.7178,-16.9999
48.5921,20.7231,-16.9999
50.1025,20.728,-16.9999
51.6129,20.7327,-16.9999
53.1232,20.7371,-17
54.6334,20.7414,-17
56.1436,20.7455,-17
57.6537,20.7494,-17
59.1638,20.7533,-17
60.6739,20.757,-17
62.1839,20.7607,-17
63.6938,20.7644,-17
65.2038,20.768,-17
66.7137,20.7716,-17
68.2236,20.7753,-17
69.7333,20.779,-17
71.2426,20.7827,-17
72.75,20.7846,-17
74.25,20.7846,-17
75.75,20.7846,-17
-75,22.0836,-17
-73.5,22.0836,-17
-72,22.0836,-17
-70.4969,22.0813,-17
-68.9939,22.0763,-17.0001
-67.4917,22.0712,-17.0001
-65.9904,22.0658,-17.0001
-64.49,22.0602,-17.0002
-62.9906,22.0543,-17.0003
-61.4922,22.0482,-17.0004
-59.9946,22.0419,-17.0005
-58.4978,22.0353,-17.0007
-57.0018,22.0286,-17.0009
-55.5065,22.0216,-17.001
-54.0118,22.0144,-17.0011
-52.5176,22.007,-17.0009
-51.0238,21.9994,-17.0006
-49.5304,21.9916,-17.0002
-48.0372,21.9836,-16.9996
-46.5441,21.9755,-16.9991
-45.0511,21.9672,-16.999
-43.5581,21.9587,-16.9996
-42.0649,21.9501,-17.0013
-40.5715,21.9412,-17.0043
-39.0778,21.9321,-17.0083
-37.5838,21.9228,-17.0124
-36.0892,21.9131,-17.0147
-34.5942,21.903,-17.012
-33.0986,21.8925,-17.0001
-31.6026,21.8814,-16.9738
-30.1064,21.8698,-16.9273
-28.6104,21.8576,-16.8557
-27.1154,21.845,-16.7553
-25.622,21.8323,-16.6254
-24.1308,21.8202,-16.4673
-22.6423,21.8095,-16.283
-21.1569,21.8017,-16.0723
-19.6755,21.7985,-15.8326
-18.1991,21.8019,-15.5596
-16.729,21.8137,-15.251
-15.2611,21.8327,-14.9247
-13.7864,21.8494,-14.6252
-12.2981,21.859,-14.4096
-10.8003,21.8653,-14.2467
-9.30646,21.881,-14.0505
-7.80169,21.8831,-13.9648
-6.29409,21.8737,-13.984
-4.78529,21.8795,-13.9174
-3.27905,21.8685,-14.0156
-1.76931,21.8697,-14.0211
-0.269079,21.8507,-14.2019
1.23673,21.842,-14.3219
2.71449,21.8097,-14.639
4.19434,21.7827,-14.9375
5.67706,21.7613,-15.2118
7.16867,21.7494,-15.4292
8.66774,21.7486,-15.5796
10.1709,21.7587,-15.6683
11.6753,21.778,-15.7107
13.18,21.7999,-15.7468
14.682,21.8186,-15.8244
16.1811,21.8298,-15.9655
17.6779,21.8384,-16.1346
19.1754,21.848,-16.304
20.6748,21.8586,-16.4629
22.1767,21.8701,-16.6027
23.681,21.882,-16.7192
25.1874,21.8941,-16.8113
26.6952,21.9059,-16.8807
28.2041,21.9174,-16.9301
29.7137,21.9284,-16.9633
31.2236,21.9389,-16.9841
32.7338,21.9488,-16.9959
34.2442,21.9581,-17.0017
35.7546,21.9669,-17.0038
37.2651,21.9751,-17.0039
38.7756,21.9828,-17.0031
40.2861,21.9901,-17.002
41.7966,21.9969,-17.0011
43.3071,22.0032,-17.0005
44.8175,22.0092,-17.0001
46.328,22.0148,-16.9999
47.8383,22.0201,-16.9999
49.3486,22.0251,-16.9999
50.8589,22.0299,-16.9999
52.3691,22.0344,-17
53.8792,22.0387,-17
55.3893,22.0428,-17
56.8993,22.0468,-17
58.4094,22.0506,-17
59.9193,22.0544,-17
61.4293,22.0581,-17
62.9392,22.0617,-17
64.4491,22.0653,-17
65.9589,22.0689,-17
67.4688,22.0725,-17
68.9787,22.0762,-17
70.4889,22.0799,-17
72,22.0836,-17
73.5,22.0836,-17
75,22.0836,-17
-74.25,23.3827,-17
-72.75,23.3827,-17
-71.25,23.3827,-17
-69.7456,23.3791,-17
-68.2426,23.3753,-17.0001
-66.7407,23.3713,-17.0001
-65.2398,23.3671,-17.0002
-63.7398,23.3626,-17.0002
-62.2409,23.3579,-17.0003
-60.7428,23.3529,-17.0004
-59.2456,23.3477,-17.0005
-57.7492,23.3421,-17.0006
-56.2535,23.3363,-17.0007
-54.7585,23.3301,-17.0008
-53.264,23.3237,-17.0007
-51.77,23.317,-17.0005
-50.2764,23.31,-17.0002
-48.7831,23.3027,-16.9998
-47.2899,23.2952,-16.9993
-45.7969,23.2874,-16.9991
-44.3039,23.2794,-16.9993
-42.8107,23.2711,-17.0004
-41.3175,23.2625,-17.0024
-39.824,23.2536,-17.0056
-38.3301,23.2444,-17.0093
-36.8359,23.2348,-17.0124
-35.3413,23.2248,-17.0129
-33.8461,23.2143,-17.0076
-32.3504,23.2033,-16.9926
-30.8544,23.1917,-16.9632
-29.3582,23.1794,-16.915
-27.8623,23.1666,-16.8443
-26.3672,23.1533,-16.7489
-24.8735,23.1401,-16.628
-23.3818,23.1277,-16.4818
-21.8926,23.117,-16.3096
-20.4068,23.1098,-16.1091
-18.9253,23.1077,-15.8764
-17.4493,23.1128,-15.6089
-15.9775,23.1261,-15.3099
-14.5167,23.1551,-14.9501
-13.0218,23.1544,-14.7823
-11.5376,23.1761,-14.5306
-10.0356,23.1671,-14.4517
-8.53805,23.1749,-14.3291
-7.03771,23.1812,-14.2366
-5.53306,23.1847,-14.1829
-4.02642,23.1858,-14.1765
-2.52105,23.1794,-14.235
-1.01748,23.1671,-14.3384
0.481418,23.1505,-14.4975
1.97299,23.1279,-14.7134
3.45434,23.101,-14.9928
4.93408,23.0745,-15.2812
6.41992,23.0568,-15.53
7.91441,23.05,-15.7157
9.41443,23.0533,-15.8416
10.9171,23.0654,-15.9191
12.4204,23.0836,-15.9683
13.9235,23.1035,-16.0198
15.4251,23.1193,-16.1087
16.9255,23.1322,-16.2264
18.4257,23.144,-16.3574
19.9267,23.1556,-16.4887
21.4292,23.1675,-16.6102
22.9335,23.1795,-16.7159
24.4394,23.1915,-16.803
25.9467,23.2033,-16.8709
27.455,23.2147,-16.9212
28.9639,23.2256,-16.9562
30.4733,23.2359,-16.979
31.983,23.2458,-16.9926
33.4929,23.2551,-16.9999
35.003,23.2638,-17.003
36.5131,23.2721,-17.0036
38.0233,23.2798,-17.0031
39.5335,23.2871,-17.0022
41.0438,23.2939,-17.0013
42.554,23.3003,-17.0006
44.0643,23.3064,-17.0002
45.5745,23.312,-17
47.0847,23.3174,-16.9999
48.5949,23.3224,-16.9999
50.105,23.3272,-16.9999
51.6151,23.3318,-16.9999
53.1251,23.3361,-17
54.6351,23.3402,-17
56.1451,23.3442,-17
57.655,23.3481,-17
59.1649,23.3518,-17
60.6747,23.3555,-17
62.1846,23.3591,-17
63.6944,23.3627,-17
65.2042,23.3663,-17
66.714,23.3698,-17
68.2238,23.3734,-17
69.7334,23.3771,-17
71.2426,23.3808,-17
72.75,23.3827,-17
74.25,23.3827,-17
75.75,23.3827,-17
-75,24.6817,-17
-73.5,24.6817,-17
-72,24.6817,-17
-70.4968,24.6806,-17
-68.9937,24.6781,-17
-67.4913,24.6755,-17.0001
-65.9899,24.6727,-17.0001
-64.4895,24.6697,-17.0001
-62.9901,24.6664,-17.0002
-61.4915,24.6628,-17.0002
-59.9939,24.6588,-17.0003
-58.4971,24.6546,-17.0004
-57.0011,24.6499,-17.0004
-55.5058,24.645,-17.0005
-54.0111,24.6396,-17.0005
-52.5169,24.6339,-17.0004
-51.0231,24.6278,-17.0002
-49.5297,24.6213,-16.9999
-48.0364,24.6145,-16.9995
-46.5434,24.6073,-16.9992
-45.0504,24.5998,-16.9992
-43.5574,24.5919,-16.9998
-42.0642,24.5836,-17.0011
-40.5709,24.575,-17.0034
-39.0773,24.566,-17.0065
-37.5834,24.5567,-17.0097
-36.0891,24.5468,-17.0117
-34.5943,24.5365,-17.0104
-33.0991,24.5256,-17.0029
-31.6034,24.5141,-16.9856
-30.1074,24.502,-16.9548
-28.6113,24.4892,-16.9068
-27.1155,24.4758,-16.8391
-25.6205,24.4621,-16.7498
-24.1268,24.4486,-16.6378
-22.6349,24.4362,-16.5018
-21.1457,24.4259,-16.3397
-19.6598,24.4192,-16.1487
-18.178,24.4178,-15.9271
-16.7012,24.4235,-15.6734
-15.2255,24.434,-15.409
-13.7454,24.4437,-15.1764
-12.2576,24.4507,-14.9862
-10.7663,24.4543,-14.8382
-9.27159,24.461,-14.7108
-7.77485,24.4705,-14.5908
-6.28056,24.4962,-14.4171
-4.77491,24.4895,-14.4262
-3.26737,24.5003,-14.3787
-1.76818,24.4757,-14.5365
-0.262617,24.4724,-14.6063
1.22452,24.4394,-14.8539
2.72322,24.4272,-15.0135
4.19261,24.3891,-15.3531
5.67594,24.3678,-15.6133
7.16615,24.3564,-15.8223
8.66263,24.3547,-15.9763
10.163,24.3614,-16.0811
11.6651,24.3747,-16.1503
13.1677,24.3917,-16.2045
14.6703,24.4093,-16.2642
16.1727,24.4252,-16.3423
17.6748,24.4393,-16.4365
19.1774,24.4524,-16.5375
20.6808,24.465,-16.6365
22.1854,24.4773,-16.7269
23.6912,24.4894,-16.8046
25.1981,24.5012,-16.8677
26.7059,24.5125,-16.9161
28.2143,24.5233,-16.951
29.7232,24.5335,-16.9747
31.2325,24.5433,-16.9896
32.742,24.5525,-16.9979
34.2516,24.5612,-17.0019
35.7614,24.5694,-17.0032
37.2713,24.5771,-17.0031
38.7812,24.5844,-17.0023
40.2912,24.5913,-17.0015
41.8012,24.5977,-17.0008
43.3112,24.6037,-17.0003
44.8213,24.6094,-17
46.3313,24.6148,-16.9999
47.8413,24.6199,-16.9999
49.3513,24.6247,-16.9999
50.8612,24.6293,-16.9999
52.3711,24.6336,-17
53.881,24.6378,-17
55.3909,24.6418,-17
56.9007,24.6456,-17
58.4105,24.6494,-17
59.9203,24.653,-17
61.4301,24.6566,-17
62.9398,24.6602,-17
64.4496,24.6637,-17
65.9593,24.6672,-17
67.4691,24.6708,-17
68.9789,24.6743,-17
70.489,24.678,-17
72,24.6817,-17
73.5,24.6817,-17
75,24.6817,-17
-74.25,25.9808,-17
-72.75,25.9808,-17
-71.25,25.9808,-17
-69.7455,25.9796,-17
-68.2425,25.9784,-17
-66.7405,25.977,-17.0001
-65.2396,25.9754,-17.0001
-63.7397,25.9735,-17.0001
-62.2407,25.9714,-17.0001
-60.7427,25.9688,-17.0002
-59.2456,25.9659,-17.0002
-57.7493,25.9626,-17.0003
-56.2537,25.9589,-17.0003
-54.7587,25.9547,-17.0003
-53.2643,25.95,-17.0003
-51.7704,25.9449,-17.0001
-50.2769,25.9393,-16.9999
-48.7837,25.9333,-16.9997
-47.2906,25.9268,-16.9994
-45.7977,25.9199,-16.9993
-44.3047,25.9125,-16.9995
-42.8117,25.9047,-17.0003
-41.3186,25.8965,-17.0018
-39.8252,25.8878,-17.0042
-38.3316,25.8786,-17.007
-36.8376,25.869,-17.0096
-35.3432,25.8589,-17.0105
-33.8484,25.8482,-17.0077
-32.3532,25.8369,-16.9985
-30.8576,25.825,-16.9799
-29.3618,25.8124,-16.9489
-27.8659,25.7991,-16.9027
-26.3704,25.7854,-16.8391
-24.8756,25.7715,-16.7562
-23.382,25.758,-16.6523
-21.8903,25.7458,-16.5255
-20.4011,25.7359,-16.3737
-18.9149,25.7295,-16.1952
-17.4319,25.7278,-15.9924
-15.9511,25.7306,-15.7746
-14.4695,25.7354,-15.563
-12.9838,25.7383,-15.3838
-11.4951,25.7412,-15.2296
-10.0034,25.744,-15.1027
-8.51067,25.7519,-14.9783
-7.01629,25.7642,-14.8558
-5.51882,25.7774,-14.7596
-4.01823,25.7985,-14.6578
-2.51855,25.7747,-14.7837
-1.02015,25.7582,-14.9024
0.473433,25.7413,-15.0501
1.96461,25.7214,-15.2374
3.45012,25.7002,-15.4584
4.93397,25.6799,-15.6989
6.42152,25.666,-15.9144
7.91513,25.661,-16.0827
9.41304,25.6638,-16.2065
10.9136,25.6729,-16.293
12.4154,25.6868,-16.3547
13.9179,25.703,-16.4069
15.4208,25.7194,-16.4631
16.924,25.735,-16.5286
18.4276,25.7493,-16.6019
19.9318,25.7628,-16.6778
21.4368,25.7756,-16.7507
22.9427,25.7878,-16.8161
24.4494,25.7996,-16.8715
25.9568,25.8108,-16.9156
27.4648,25.8215,-16.9487
28.9733,25.8317,-16.972
30.4821,25.8413,-16.9872
31.9912,25.8504,-16.9962
33.5005,25.8591,-17.0009
35.0099,25.8672,-17.0027
36.5195,25.8749,-17.0029
38.0291,25.8821,-17.0024
39.5388,25.8889,-17.0016
41.0486,25.8953,-17.0009
42.5584,25.9014,-17.0004
44.0682,25.9071,-17.0001
45.578,25.9125,-16.9999
47.0879,25.9176,-16.9999
48.5977,25.9224,-16.9999
50.1075,25.927,-16.9999
51.6173,25.9313,-17
53.1271,25.9355,-17
54.6368,25.9394,-17
56.1466,25.9433,-17
57.6563,25.947,-17
59.166,25.9506,-17
60.6757,25.9542,-17
62.1854,25.9577,-17
63.695,25.9612,-17
65.2047,25.9647,-17
66.7144,25.9682,-17
68.224,25.9717,-17
69.7336,25.9752,-17
71.2427,25.9789,-17
72.75,25.9808,-17
74.25,25.9808,-17
75.75,25.9808,-17
-75,27.2798,-17
-73.5,27.2798,-17
-72,27.2798,-17
-70.4968,27.2799,-17
-68.9937,27.28,-17
-67.4913,27.28,-17
-65.99,27.2798,-17
-64.4897,27.2794,-17
-62.9903,27.2787,-17.0001
-61.4919,27.2777,-17.0001
-59.9945,27.2762,-17.0001
-58.4979,27.2743,-17.0001
-57.0021,27.2718,-17.0002
-55.5069,27.2689,-17.0002
-54.0124,27.2654,-17.0002
-52.5184,27.2613,-17.0001
-51.0248,27.2567,-17
-49.5315,27.2516,-16.9998
-48.0385,27.2459,-16.9996
-46.5456,27.2396,-16.9994
-45.0528,27.2329,-16.9994
-43.5599,27.2256,-16.9998
-42.067,27.2178,-17.0008
-40.5738,27.2095,-17.0024
-39.0805,27.2007,-17.0047
-37.5868,27.1914,-17.0072
-36.0928,27.1815,-17.009
-34.5985,27.1711,-17.0089
-33.1037,27.16,-17.0049
-31.6085,27.1484,-16.9947
-30.1131,27.136,-16.9758
-28.6175,27.123,-16.9457
-27.1219,27.1095,-16.9021
-25.6267,27.0956,-16.843
-24.1322,27.0817,-16.7664
-22.639,27.0684,-16.6703
-21.1474,27.0564,-16.5531
-19.658,27.0467,-16.4135
-18.1709,27.04,-16.253
-16.6858,27.0366,-16.0777
-15.2009,27.0353,-15.9009
-13.7149,27.0346,-15.7371
-12.227,27.0339,-15.5932
-10.7374,27.034,-15.4678
-9.24648,27.0371,-15.3529
-7.75454,27.0445,-15.2428
-6.26144,27.0559,-15.1408
-4.76476,27.0627,-15.0787
-3.26859,27.0623,-15.0861
-1.77214,27.0511,-15.1714
-0.278453,27.0363,-15.2919
1.21307,27.0207,-15.442
2.70266,27.0052,-15.6154
4.18993,26.9891,-15.8133
5.67848,26.9767,-16.0068
7.17058,26.9704,-16.1738
8.6665,26.9706,-16.3059
10.1654,26.9766,-16.4034
11.6661,26.9874,-16.4736
13.168,27.0013,-16.5265
14.6707,27.0167,-16.5729
16.1741,27.0322,-16.6207
17.6782,27.0471,-16.6729
19.1828,27.0611,-16.7283
20.688,27.0743,-16.7838
22.1939,27.0867,-16.8359
23.7005,27.0985,-16.8818
25.2077,27.1097,-16.9198
26.7154,27.1203,-16.9495
28.2235,27.1304,-16.9711
29.7319,27.1399,-16.9858
31.2406,27.1489,-16.9949
32.7495,27.1574,-16.9999
34.2586,27.1654,-17.0021
35.7679,27.173,-17.0027
37.2772,27.1802,-17.0023
38.7867,27.1869,-17.0017
40.2962,27.1933,-17.001
41.8058,27.1993,-17.0005
43.3154,27.205,-17.0001
44.825,27.2104,-17
46.3346,27.2155,-16.9999
47.8443,27.2203,-16.9999
49.354,27.2248,-16.9999
50.8636,27.2292,-17
52.3733,27.2333,-17
53.8829,27.2373,-17
55.3925,27.2411,-17
56.9021,27.2448,-17
58.4117,27.2484,-17
59.9214,27.2519,-17
61.431,27.2553,-17
62.9406,27.2588,-17
64.4502,27.2622,-17
65.9598,27.2656,-17
67.4694,27.2691,-17
68.9791,27.2726,-17
70.4891,27.2761,-17
72,27.2798,-17
73.5,27.2798,-17
75,27.2798,-17
-74.25,28.5788,-17
-72.75,28.5788,-17
-71.25,28.5788,-17
-69.7456,28.5802,-17
-68.2426,28.5816,-17
-66.7407,28.5829,-17
-65.24,28.584,-17
-63.7403,28.5848,-17
-62.2416,28.5853,-17
-60.7438,28.5853,-17
-59.2469,28.5848,-17
-57.7509,28.5838,-17.0001
-56.2556,28.5822,-17.0001
-54.761,28.5799,-17.0001
-53.2669,28.577,-17.0001
-51.7733,28.5735,-17
-50.28,28.5693,-16.9999
-48.787,28.5645,-16.9997
-47.2942,28.559,-16.9995
-45.8015,28.553,-16.9994
-44.3088,28.5463,-16.9996
-42.8161,28.539,-17.0001
-41.3232,28.5312,-17.0012
-39.8301,28.5228,-17.0029
-38.3367,28.5138,-17.0049
-36.8431,28.5042,-17.007
-35.3491,28.4941,-17.0082
-33.8548,28.4833,-17.0072
-32.3601,28.472,-17.0024
-30.8651,28.4599,-16.9917
-29.3698,28.4473,-16.9732
-27.8745,28.4341,-16.9447
-26.3793,28.4204,-16.9042
-24.8844,28.4065,-16.8497
-23.3903,28.3927,-16.7794
-21.8973,28.3797,-16.6915
-20.4058,28.3679,-16.5851
-18.9158,28.358,-16.4609
-17.4274,28.3504,-16.3227
-15.9399,28.3446,-16.1784
-14.4523,28.34,-16.038
-12.964,28.336,-15.9092
-11.4749,28.333,-15.7935
-9.98494,28.332,-15.6887
-8.49436,28.3343,-15.5909
-7.00287,28.3393,-15.5036
-5.51006,28.345,-15.4384
-4.01588,28.3474,-15.4152
-2.52162,28.3415,-15.455
-1.02825,28.3314,-15.5394
0.463775,28.32,-15.6537
1.95469,28.3082,-15.792
3.44482,28.2969,-15.9476
4.93523,28.2874,-16.1093
6.42734,28.2814,-16.2611
7.92218,28.2803,-16.3898
9.41967,28.2842,-16.4908
10.9192,28.2923,-16.5662
12.4202,28.3038,-16.6218
13.9224,28.3174,-16.6651
15.4255,28.332,-16.7035
16.9294,28.3465,-16.7416
18.434,28.3605,-16.7813
19.9393,28.3738,-16.8218
21.4451,28.3863,-16.8611
22.9516,28.3981,-16.8971
24.4585,28.4092,-16.9281
25.9659,28.4197,-16.9532
27.4737,28.4296,-16.9722
28.9818,28.4389,-16.9856
30.4902,28.4478,-16.9942
31.9987,28.4561,-16.9992
33.5075,28.4641,-17.0016
35.0165,28.4715,-17.0024
36.5255,28.4786,-17.0022
38.0347,28.4853,-17.0017
39.544,28.4916,-17.0011
41.0533,28.4976,-17.0005
42.5627,28.5032,-17.0002
44.0721,28.5086,-17
45.5816,28.5136,-16.9999
47.0911,28.5184,-16.9999
48.6006,28.5229,-16.9999
50.1101,28.5272,-17
51.6196,28.5313,-17
53.1291,28.5352,-17
54.6386,28.539,-17
56.1481,28.5427,-17
57.6576,28.5462,-17
59.1671,28.5497,-17
60.6766,28.5531,-17
62.1862,28.5565,-17
63.6957,28.5598,-17
65.2052,28.5632,-17
66.7148,28.5666,-17
68.2243,28.57,-17
69.7338,28.5735,-17
71.2428,28.577,-17
72.75,28.5788,-17
74.25,28.5788,-17
75.75,28.5788,-17
-75,29.8779,-17
-73.5,29.8779,-17
-72,29.8779,-17
-70.4968,29.8792,-17
-68.9939,29.882,-17
-67.4917,29.8847,-17
-65.9906,29.8873,-17
-64.4905,29.8896,-17
-62.9915,29.8917,-17
-61.4935,29.8932,-17
-59.9964,29.8943,-17
-58.5002,29.8947,-17
-57.0048,29.8945,-17
-55.51,29.8936,-17
-54.0159,29.892,-17
-52.5223,29.8896,-17
-51.029,29.8865,-16.9999
-49.5361,29.8826,-16.9998
-48.0434,29.8781,-16.9997
-46.5509,29.8728,-16.9995
-45.0584,29.8668,-16.9995
-43.5658,29.8601,-16.9998
-42.0732,29.8528,-17.0004
-40.5804,29.8448,-17.0015
-39.0873,29.8362,-17.0031
-37.594,29.827,-17.005
-36.1004,29.8172,-17.0066
-34.6065,29.8068,-17.0072
-33.1122,29.7957,-17.0056
-31.6177,29.7841,-17.0003
-30.1228,29.7718,-16.9898
-28.6278,29.7589,-16.9722
-27.1328,29.7456,-16.9457
-25.6379,29.7318,-16.9084
-24.1434,29.718,-16.8587
-22.6495,29.7045,-16.7949
-21.1566,29.6916,-16.716
-19.6649,29.6799,-16.6221
-18.1742,29.6696,-16.5156
-16.6844,29.6607,-16.4012
-15.1951,29.653,-16.2857
-13.7057,29.6462,-16.1752
-12.2162,29.6403,-16.0733
-10.7264,29.6361,-15.98
-9.23626,29.6342,-15.8944
-7.74564,29.6348,-15.8177
-6.25427,29.6368,-15.7566
-4.76192,29.6379,-15.7244
-3.26893,29.6357,-15.7321
-1.77603,29.6297,-15.7811
-0.283721,29.6217,-15.8629
1.20806,29.6131,-15.9681
2.69962,29.6049,-16.0898
4.19143,29.5979,-16.2207
5.68428,29.5933,-16.3497
7.17888,29.5919,-16.4663
8.67551,29.5944,-16.5635
10.1741,29.6005,-16.6394
11.6742,29.6098,-16.6962
13.1756,29.6214,-16.7388
14.6781,29.6344,-16.7727
16.1815,29.648,-16.8025
17.6858,29.6614,-16.8313
19.1908,29.6744,-16.8601
20.6965,29.6867,-16.8886
22.2027,29.6983,-16.9154
23.7093,29.7093,-16.9393
25.2165,29.7196,-16.9593
26.7239,29.7293,-16.975
28.2317,29.7385,-16.9865
29.7398,29.7472,-16.9942
31.2481,29.7554,-16.9989
32.7565,29.7632,-17.0013
34.2652,29.7705,-17.0021
35.774,29.7775,-17.0021
37.2829,29.784,-17.0016
38.7919,29.7903,-17.0011
40.301,29.7962,-17.0006
41.8102,29.8017,-17.0002
43.3194,29.807,-17
44.8287,29.812,-16.9999
46.338,29.8167,-16.9999
47.8473,29.8212,-16.9999
49.3567,29.8254,-16.9999
50.866,29.8295,-17
52.3754,29.8334,-17
53.8848,29.8371,-17
55.3942,29.8407,-17
56.9036,29.8442,-17
58.413,29.8476,-17
59.9224,29.851,-17
61.4319,29.8543,-17
62.9413,29.8576,-17
64.4508,29.8608,-17
65.9602,29.8641,-17
67.4698,29.8675,-17
68.9794,29.8708,-17
70.4892,29.8743,-17
72,29.8779,-17
73.5,29.8779,-17
75,29.8779,-17
-74.25,31.1769,-17
-72.75,31.1769,-17
-71.25,31.1769,-17
-69.7458,31.181,-17
-68.243,31.1851,-17
-66.7415,31.1892,-17
-65.2411,31.1931,-17
-63.7417,31.1968,-17
-62.2435,31.1999,-17
-60.7462,31.2026,-17
-59.2498,31.2046,-17
-57.7543,31.2059,-17
-56.2595,31.2064,-17
-54.7654,31.2061,-17
-53.2718,31.205,-17
-51.7786,31.2031,-17
-50.2858,31.2003,-16.9999
-48.7933,31.1966,-16.9998
-47.3009,31.1922,-16.9997
-45.8086,31.187,-16.9996
-44.3162,31.181,-16.9997
-42.8238,31.1742,-17
-41.3313,31.1668,-17.0007
-39.8386,31.1586,-17.0018
-38.3456,31.1498,-17.0032
-36.8523,31.1404,-17.0048
-35.3588,31.1303,-17.006
-33.8649,31.1196,-17.0062
-32.3708,31.1083,-17.0042
-30.8763,31.0963,-16.9988
-29.3817,31.0839,-16.9887
-27.8869,31.0709,-16.9723
-26.3921,31.0575,-16.948
-24.8975,31.0438,-16.9141
-23.4033,31.0302,-16.8694
-21.9096,31.0168,-16.8126
-20.4167,31.0041,-16.7436
-18.9245,30.9923,-16.6635
-17.4331,30.9814,-16.5753
-15.9422,30.9715,-16.4834
-14.4516,30.9625,-16.3925
-12.9612,30.9544,-16.306
-11.4709,30.9476,-16.2257
-9.98055,30.9427,-16.1517
-8.49004,30.9398,-16.0853
-6.99911,30.9385,-16.0306
-5.50754,30.9378,-15.9948
-4.01533,30.936,-15.9863
-2.52279,30.9321,-16.0099
-1.03028,30.9266,-16.0628
0.46211,30.9205,-16.1389
1.95454,30.9145,-16.2317
3.44734,30.9094,-16.3344
4.94092,30.9059,-16.4398
6.4357,30.9047,-16.5397
7.93199,30.9064,-16.6273
9.42985,30.9111,-16.6991
10.9292,30.9185,-16.7547
12.4298,30.9281,-16.7963
13.9316,30.9393,-16.8278
15.4345,30.9515,-16.8529
16.9382,30.9639,-16.8748
18.4428,30.9762,-16.8954
19.9481,30.9881,-16.9153
21.4539,30.9994,-16.9344
22.9603,31.01,-16.9518
24.4671,31.0201,-16.9669
25.9742,31.0296,-16.9792
27.4817,31.0386,-16.9884
28.9895,31.0471,-16.9949
30.4974,31.0551,-16.9989
32.0056,31.0627,-17.001
33.514,31.0699,-17.0019
35.0225,31.0767,-17.0019
36.5312,31.0832,-17.0016
38.04,31.0893,-17.0011
39.5488,31.0951,-17.0006
41.0578,31.1005,-17.0003
42.5668,31.1057,-17
44.0759,31.1106,-16.9999
45.585,31.1153,-16.9999
47.0942,31.1197,-16.9999
48.6034,31.1239,-16.9999
50.1126,31.1279,-17
51.6219,31.1317,-17
53.1311,31.1354,-17
54.6404,31.139,-17
56.1497,31.1424,-17
57.659,31.1457,-17
59.1683,31.149,-17
60.6777,31.1522,-17
62.187,31.1554,-17
63.6964,31.1586,-17
65.2058,31.1618,-17
66.7152,31.165,-17
68.2246,31.1683,-17
69.7339,31.1717,-17
71.2428,31.1751,-17
72.75,31.1769,-17
74.25,31.1769,-17
75.75,31.1769,-17
-75,32.476,-17
-73.5,32.476,-17
-72,32.476,-17
-70.497,32.4786,-17
-68.9943,32.4842,-17
-67.4925,32.4898,-17
-65.9918,32.4953,-17
-64.4922,32.5005,-17
-62.9937,32.5054,-17
-61.4963,32.5097,-17
-59.9998,32.5133,-17
-58.5042,32.5162,-17
-57.0094,32.5183,-17
-55.5153,32.5194,-17
-54.0217,32.5197,-17
-52.5287,32.519,-17
-51.036,32.5173,-16.9999
-49.5436,32.5148,-16.9999
-48.0515,32.5113,-16.9998
-46.5594,32.5069,-16.9997
-45.0673,32.5016,-16.9996
-43.5752,32.4955,-16.9998
-42.0829,32.4887,-17.0001
-40.5905,32.481,-17.0008
-39.0978,32.4727,-17.0019
-37.6049,32.4636,-17.0032
-36.1117,32.4539,-17.0045
-34.6182,32.4435,-17.0054
-33.1244,32.4326,-17.0052
-31.6304,32.421,-17.0031
-30.1361,32.4089,-16.9978
-28.6416,32.3962,-16.9883
-27.147,32.3832,-16.9733
-25.6524,32.3698,-16.9513
-24.158,32.3563,-16.921
-22.664,32.3428,-16.8815
-21.1703,32.3296,-16.8323
-19.6772,32.317,-16.7738
-18.1846,32.305,-16.7077
-16.6924,32.2937,-16.6369
-15.2007,32.2831,-16.5647
-13.7093,32.2734,-16.4941
-12.2182,32.2648,-16.4271
-10.7273,32.2575,-16.3647
-9.23633,32.252,-16.3083
-7.74524,32.2481,-16.2604
-6.25376,32.2453,-16.2255
-4.76177,32.2426,-16.2095
-3.26932,32.2393,-16.2166
-1.77661,32.2352,-16.2475
-0.283742,32.2306,-16.2993
1.20935,32.226,-16.3671
2.70287,32.2222,-16.4455
4.19705,32.2196,-16.5287
5.69215,32.2186,-16.6106
7.1884,32.2198,-16.6857
8.68591,32.2233,-16.7499
10.1847,32.2291,-16.8015
11.6847,32.2369,-16.841
13.1858,32.2464,-16.8705
14.688,32.257,-16.8926
16.1911,32.2681,-16.9103
17.6952,32.2794,-16.9254
19.1999,32.2906,-16.9393
20.7054,32.3013,-16.9523
22.2113,32.3116,-16.9644
23.7178,32.3213,-16.975
25.2246,32.3305,-16.984
26.7318,32.3393,-16.991
28.2392,32.3475,-16.996
29.7469,32.3553,-16.9992
31.2548,32.3627,-17.001
32.7629,32.3697,-17.0017
34.2712,32.3764,-17.0018
35.7796,32.3827,-17.0015
37.2881,32.3886,-17.001
38.7968,32.3943,-17.0006
40.3055,32.3997,-17.0003
41.8144,32.4047,-17.0001
43.3233,32.4096,-17
44.8322,32.4141,-16.9999
46.3412,32.4185,-16.9999
47.8503,32.4226,-16.9999
49.3593,32.4265,-17
50.8685,32.4303,-17
52.3776,32.4339,-17
53.8867,32.4373,-17
55.3959,32.4407,-17
56.9051,32.444,-17
58.4143,32.4471,-17
59.9235,32.4503,-17
61.4328,32.4534,-17
62.9421,32.4565,-17
64.4514,32.4596,-17
65.9607,32.4627,-17
67.4701,32.4659,-17
68.9796,32.4692,-17
70.4893,32.4725,-17
72,32.476,-17
73.5,32.476,-17
75,32.476,-17
-74.25,33.775,-17
-72.75,33.775,-17
-71.25,33.775,-17
-69.7461,33.7819,-17
-68.2438,33.789,-17
-66.7427,33.7961,-17
-65.2428,33.803,-17
-63.7441,33.8096,-17
-62.2466,33.8156,-17
-60.75,33.8209,-17
-59.2543,33.8255,-17
-57.7596,33.8292,-17
-56.2655,33.8319,-17
-54.7721,33.8336,-17
-53.2792,33.8342,-17
-51.7867,33.8338,-17
-50.2946,33.8324,-16.9999
-48.8026,33.8299,-16.9999
-47.3108,33.8264,-16.9998
-45.819,33.822,-16.9997
-44.3271,33.8166,-16.9997
-42.8352,33.8104,-16.9999
-41.343,33.8033,-17.0003
-39.8507,33.7955,-17.001
-38.3581,33.7868,-17.0019
-36.8653,33.7775,-17.0031
-35.3721,33.7675,-17.0042
-33.8787,33.7569,-17.0048
-32.385,33.7457,-17.0044
-30.891,33.7339,-17.0022
-29.3968,33.7216,-16.9972
-27.9024,33.7088,-16.9885
-26.408,33.6958,-16.9749
-24.9136,33.6825,-16.9554
-23.4193,33.6691,-16.9289
-21.9252,33.6558,-16.8949
-20.4314,33.6428,-16.8534
-18.938,33.6301,-16.8054
-17.445,33.618,-16.7526
-15.9523,33.6065,-16.6972
-14.46,33.5956,-16.6416
-12.968,33.5857,-16.5876
-11.4762,33.5769,-16.5366
-9.98458,33.5695,-16.4898
-8.49295,33.5635,-16.4491
-7.00112,33.5588,-16.4174
-5.50892,33.5548,-16.3985
-4.0163,33.5511,-16.3961
-2.5233,33.5473,-16.4118
-1.02998,33.5434,-16.4448
0.463683,33.5397,-16.4921
1.95778,33.5365,-16.5499
3.45249,33.5343,-16.6135
4.94795,33.5334,-16.6783
6.44433,33.5342,-16.7398
7.94172,33.5367,-16.7945
9.44017,33.5412,-16.84
10.9397,33.5475,-16.8759
12.4403,33.5553,-16.903
13.9418,33.5642,-16.9229
15.4444,33.574,-16.9378
16.9478,33.5841,-16.9493
18.4521,33.5943,-16.9591
19.957,33.6043,-16.9678
21.4625,33.614,-16.9757
22.9686,33.6233,-16.9828
24.475,33.6321,-16.9889
25.9819,33.6405,-16.9938
27.489,33.6485,-16.9974
28.9964,33.656,-16.9997
30.5041,33.6632,-17.0011
32.0119,33.67,-17.0016
33.5199,33.6764,-17.0016
35.0281,33.6825,-17.0014
36.5364,33.6884,-17.001
38.0449,33.6939,-17.0006
39.5534,33.6991,-17.0003
41.0621,33.7041,-17.0001
42.5708,33.7088,-17
44.0795,33.7132,-16.9999
45.5884,33.7175,-16.9999
47.0973,33.7215,-16.9999
48.6062,33.7254,-17
50.1152,33.729,-17
51.6242,33.7326,-17
53.1332,33.7359,-17
54.6422,33.7392,-17
56.1513,33.7424,-17
57.6604,33.7455,-17
59.1695,33.7485,-17
60.6787,33.7515,-17
62.1879,33.7545,-17
63.6971,33.7575,-17
65.2063,33.7605,-17
66.7156,33.7636,-17
68.2249,33.7667,-17
69.7341,33.77,-17
71.2429,33.7733,-17
72.75,33.775,-17
74.25,33.775,-17
75.75,33.775,-17
-75,35.074,-17
-73.5,35.074,-17
-72,35.074,-17
-70.4973,35.0782,-17
-68.995,35.0868,-17
-67.4937,35.0955,-17
-65.9936,35.1041,-17
-64.4947,35.1124,-17
-62.997,35.1202,-17
-61.5004,35.1274,-17
-60.0048,35.1337,-17
-58.51,35.1391,-17
-57.0161,35.1435,-17
-55.5228,35.1467,-17
-54.0301,35.1488,-17
-52.5379,35.1497,-17
-51.046,35.1495,-17
-49.5543,35.1481,-16.9999
-48.0627,35.1457,-16.9999
-46.5712,35.1421,-16.9998
-45.0797,35.1375,-16.9997
-43.5881,35.132,-16.9998
-42.0963,35.1255,-17
-40.6043,35.1182,-17.0004
-39.112,35.11,-17.001
-37.6195,35.1011,-17.0019
-36.1267,35.0915,-17.0029
-34.6336,35.0812,-17.0038
-33.1401,35.0703,-17.0043
-31.6465,35.0588,-17.0037
-30.1525,35.0469,-17.0015
-28.6584,35.0344,-16.997
-27.1641,35.0216,-16.9891
-25.6697,35.0086,-16.9771
-24.1753,34.9954,-16.9601
-22.681,34.9821,-16.9374
-21.1869,34.969,-16.9091
-19.6929,34.9561,-16.8753
-18.1992,34.9435,-16.8372
-16.7058,34.9314,-16.7961
-15.2126,34.9199,-16.7538
-13.7197,34.9091,-16.7119
-12.2271,34.8992,-16.6715
-10.7347,34.8904,-16.6338
-9.24231,34.8829,-16.6002
-7.74987,34.8766,-16.5728
-6.25719,34.8713,-16.5542
-4.76416,34.8668,-16.547
-3.27075,34.8626,-16.5529
-1.77695,34.8587,-16.5723
-0.282767,34.8552,-16.6038
1.21187,34.8523,-16.6446
2.70706,34.8502,-16.6916
4.2029,34.8492,-16.7411
5.69949,34.8494,-16.7897
7.19691,34.8512,-16.8342
8.69522,34.8545,-16.8727
10.1944,34.8593,-16.9038
11.6946,34.8656,-16.9278
13.1957,34.873,-16.9455
14.6977,34.8813,-16.9582
16.2006,34.8901,-16.9675
17.7043,34.8992,-16.9745
19.2088,34.9083,-16.9802
20.7138,34.9173,-16.9852
22.2195,34.926,-16.9896
23.7256,34.9344,-16.9934
25.232,34.9424,-16.9965
26.7389,34.95,-16.9988
28.246,34.9572,-17.0004
29.7534,34.9641,-17.0012
31.261,34.9707,-17.0016
32.7688,34.9769,-17.0015
34.2767,34.9828,-17.0012
35.7848,34.9885,-17.0009
37.293,34.9938,-17.0005
38.8014,34.9989,-17.0003
40.3098,35.0037,-17.0001
41.8184,35.0083,-17
43.327,35.0126,-16.9999
44.8356,35.0168,-16.9999
46.3444,35.0207,-16.9999
47.8532,35.0245,-17
49.362,35.028,-17
50.8708,35.0314,-17
52.3797,35.0347,-17
53.8887,35.0379,-17
55.3976,35.041,-17
56.9066,35.044,-17
58.4156,35.0469,-17
59.9247,35.0498,-17
61.4338,35.0527,-17
62.9429,35.0556,-17
64.452,35.0585,-17
65.9612,35.0614,-17
67.4705,35.0644,-17
68.9798,35.0675,-17
70.4894,35.0707,-17
72,35.074,-17
73.5,35.074,-17
75,35.074,-17
-74.25,36.3731,-17
-72.75,36.3731,-17
-71.25,36.3731,-17
-69.7466,36.3831,-17
-68.2449,36.3934,-17
-66.7445,36.4037,-17
-65.2454,36.4139,-17
-63.7476,36.4236,-17
-62.2509,36.4326,-17
-60.7554,36.4408,-17
-59.2607,36.448,-17
-57.7669,36.4541,-17
-56.2739,36.459,-17
-54.7814,36.4627,-17
-53.2894,36.465,-17
-51.7978,36.4661,-17
-50.3064,36.4659,-17
-48.8152,36.4645,-16.9999
-47.3241,36.4619,-16.9999
-45.8329,36.4582,-16.9998
-44.3416,36.4534,-16.9998
-42.8501,36.4476,-16.9999
-41.3585,36.4408,-17.0001
-39.8666,36.4332,-17.0005
-38.3744,36.4247,-17.0011
-36.8819,36.4155,-17.0019
-35.3891,36.4055,-17.0027
-33.896,36.395,-17.0035
-32.4025,36.3838,-17.0037
-30.9088,36.3721,-17.0031
-29.4149,36.36,-17.0011
-27.9207,36.3474,-16.9969
-26.4264,36.3346,-16.99
-24.9321,36.3215,-16.9796
-23.4376,36.3084,-16.9652
-21.9432,36.2953,-16.9465
-20.4489,36.2823,-16.9236
-18.9547,36.2696,-16.897
-17.4607,36.2571,-16.8676
-15.9668,36.2452,-16.8366
-14.4732,36.2338,-16.8051
-12.9797,36.2231,-16.7742
-11.4864,36.2134,-16.7448
-9.99328,36.2048,-16.7181
-8.5001,36.1973,-16.6955
-7.00677,36.1908,-16.6787
-5.51318,36.1853,-16.6697
-4.01924,36.1804,-16.67
-2.52493,36.1762,-16.6802
-1.03021,36.1725,-16.7
0.464944,36.1694,-16.7277
1.9606,36.1671,-16.7611
3.45683,36.1657,-16.7976
4.9537,36.1654,-16.8346
6.45126,36.1663,-16.8695
7.94957,36.1686,-16.9006
9.44867,36.1722,-16.9265
10.9486,36.177,-16.9469
12.4493,36.1829,-16.9621
13.9509,36.1898,-16.973
15.4534,36.1973,-16.9805
16.9566,36.2053,-16.9857
18.4606,36.2134,-16.9895
19.9652,36.2215,-16.9925
21.4704,36.2296,-16.995
22.9761,36.2373,-16.997
24.4823,36.2449,-16.9988
25.9888,36.2521,-17
27.4956,36.259,-17.0009
29.0027,36.2656,-17.0014
30.5101,36.2718,-17.0015
32.0176,36.2778,-17.0014
33.5253,36.2835,-17.0011
35.0332,36.2889,-17.0008
36.5413,36.2941,-17.0005
38.0494,36.299,-17.0002
39.5577,36.3037,-17.0001
41.0661,36.3081,-17
42.5745,36.3123,-16.9999
44.083,36.3163,-16.9999
45.5916,36.3201,-16.9999
47.1002,36.3238,-17
48.6089,36.3272,-17
50.1176,36.3306,-17
51.6264,36.3337,-17
53.1352,36.3368,-17
54.644,36.3398,-17
56.1529,36.3426,-17
57.6618,36.3455,-17
59.1708,36.3482,-17
60.6797,36.351,-17
62.1888,36.3538,-17
63.6978,36.3565,-17
65.2069,36.3594,-17
66.716,36.3622,-17
68.2252,36.3652,-17
69.7343,36.3683,-17
71.243,36.3714,-17
72.75,36.3731,-17
74.25,36.3731,-17
75.75,36.3731,-17
-75,37.6721,-17
-73.5,37.6721,-17
-72,37.6721,-17
-70.4976,37.6779,-17
-68.9959,37.6898,-17
-67.4954,37.7019,-17
-65.9962,37.7139,-17
-64.4983,37.7255,-17
-63.0016,37.7365,-17
-61.5061,37.7467,-17
-60.0116,37.7559,-17
-58.518,37.7638,-17
-57.0252,37.7705,-17
-55.533,37.7758,-17
-54.0414,37.7797,-17
-52.5501,37.7822,-17
-51.0591,37.7833,-17
-49.5683,37.783,-17
-48.0775,37.7814,-16.9999
-46.5867,37.7786,-16.9999
-45.0958,37.7746,-16.9998
-43.6047,37.7695,-16.9998
-42.1134,37.7633,-16.9999
-40.6218,37.7562,-17.0001
-39.13,37.7482,-17.0005
-37.6378,37.7394,-17.0011
-36.1453,37.7298,-17.0018
-34.6525,37.7196,-17.0025
-33.1593,37.7087,-17.0031
-31.6658,37.6973,-17.0033
-30.1721,37.6854,-17.0026
-28.6781,37.6731,-17.0008
-27.1838,37.6604,-16.9971
-25.6894,37.6476,-16.9911
-24.1949,37.6346,-16.9824
-22.7003,37.6215,-16.9706
-21.2057,37.6085,-16.9556
-19.7112,37.5957,-16.9378
-18.2166,37.5831,-16.9175
-16.7222,37.5709,-16.8956
-15.2279,37.5591,-16.8729
-13.7337,37.548,-16.8501
-12.2397,37.5376,-16.828
-10.7457,37.5282,-16.8075
-9.25179,37.5197,-16.7896
-7.75774,37.5122,-16.7754
-6.26349,37.5058,-16.7665
-4.76895,37.5001,-16.7639
-3.27407,37.4952,-16.7684
-1.7788,37.491,-16.7801
-0.283121,37.4875,-16.798
1.21302,37.4847,-16.8209
2.70966,37.4829,-16.8469
4.20685,37.4819,-16.874
5.70464,37.4821,-16.9004
7.20306,37.4833,-16.9244
8.70215,37.4857,-16.9451
10.202,37.4893,-16.9617
11.7025,37.4939,-16.9743
13.2038,37.4994,-16.9833
14.7059,37.5056,-16.9894
16.2087,37.5124,-16.9934
17.7123,37.5195,-16.9959
19.2165,37.5267,-16.9976
20.7213,37.5339,-16.9988
22.2267,37.5411,-16.9998
23.7325,37.548,-17.0005
25.2387,37.5548,-17.001
26.7452,37.5613,-17.0013
28.2521,37.5675,-17.0015
29.7592,37.5735,-17.0014
31.2665,37.5792,-17.0012
32.774,37.5846,-17.001
34.2817,37.5898,-17.0007
35.7896,37.5948,-17.0004
37.2975,37.5995,-17.0002
38.8056,37.604,-17.0001
40.3138,37.6083,-17
41.8221,37.6123,-16.9999
43.3305,37.6162,-16.9999
44.8389,37.6199,-16.9999
46.3474,37.6234,-17
47.8559,37.6267,-17
49.3645,37.6299,-17
50.8732,37.633,-17
52.3819,37.6359,-17
53.8906,37.6387,-17
55.3993,37.6415,-17
56.9081,37.6442,-17
58.417,37.6469,-17
59.9258,37.6495,-17
61.4347,37.6521,-17
62.9437,37.6548,-17
64.4527,37.6575,-17
65.9618,37.6602,-17
67.4709,37.663,-17
68.9801,37.6659,-17
70.4896,37.6689,-17
72,37.6721,-17
73.5,37.6721,-17
75,37.6721,-17
-74.25,38.9711,-17
-72.75,38.9711,-17
-71.25,38.9711,-17
-69.7473,38.9846,-17
-68.2463,38.9985,-17
-66.7469,39.0124,-17
-65.2489,39.026,-17
-63.7523,39.0391,-17
-62.2568,39.0514,-17
-60.7625,39.0626,-17
-59.2692,39.0725,-17
-57.7767,39.0811,-17
-56.2849,39.0882,-17
-54.7936,39.0937,-17
-53.3028,39.0977,-17
-51.8122,39.1002,-17
-50.3218,39.1011,-17
-48.8315,39.1007,-17
-47.3411,39.0988,-17
-45.8506,39.0956,-16.9999
-44.3599,39.0913,-16.9999
-42.869,39.0858,-16.9999
-41.3778,39.0792,-17
-39.8863,39.0717,-17.0002
-38.3945,39.0633,-17.0006
-36.9023,39.0541,-17.0011
-35.4097,39.0442,-17.0017
-33.9168,39.0336,-17.0023
-32.4235,39.0224,-17.0027
-30.9299,39.0107,-17.0028
-29.4361,38.9986,-17.0022
-27.9419,38.9861,-17.0005
-26.4475,38.9734,-16.9974
-24.953,38.9605,-16.9924
-23.4582,38.9475,-16.9853
-21.9634,38.9346,-16.976
-20.4685,38.9217,-16.9645
-18.9736,38.909,-16.9511
-17.4787,38.8966,-16.9362
-15.9838,38.8846,-16.9204
-14.489,38.8732,-16.9043
-12.9943,38.8623,-16.8883
-11.4996,38.8523,-16.8732
-10.0049,38.8431,-16.8596
-8.51007,38.8348,-16.8483
-7.01512,38.8274,-16.8404
-5.51994,38.821,-16.8368
-4.02445,38.8153,-16.838
-2.52861,38.8105,-16.8443
-1.0324,38.8064,-16.8554
0.464236,38.8031,-16.8704
1.96131,38.8005,-16.8882
3.45887,38.7989,-16.9074
4.95695,38.7982,-16.9266
6.45556,38.7986,-16.9445
7.95476,38.7999,-16.9602
9.45458,38.8023,-16.9732
10.955,38.8057,-16.9832
12.4562,38.8099,-16.9905
13.958,38.8149,-16.9953
15.4606,38.8204,-16.9983
16.9638,38.8265,-17
18.4677,38.8327,-17.0009
19.9721,38.8391,-17.0013
21.4771,38.8455,-17.0015
22.9826,38.8519,-17.0016
24.4885,38.8581,-17.0016
25.9948,38.8641,-17.0016
27.5014,38.87,-17.0015
29.0083,38.8756,-17.0013
30.5154,38.881,-17.0011
32.0227,38.8861,-17.0008
33.5302,38.8911,-17.0005
35.0379,38.8958,-17.0003
36.5457,38.9003,-17.0002
38.0536,38.9046,-17
39.5617,38.9087,-17
41.0698,38.9126,-16.9999
42.578,38.9163,-16.9999
44.0863,38.9198,-17
45.5947,38.9232,-17
47.1031,38.9264,-17
48.6116,38.9295,-17
50.1201,38.9324,-17
51.6286,38.9352,-17
53.1372,38.9379,-17
54.6459,38.9406,-17
56.1545,38.9431,-17
57.6633,38.9457,-17
59.172,38.9482,-17
60.6808,38.9506,-17
62.1897,38.9532,-17
63.6986,38.9557,-17
65.2075,38.9583,-17
66.7165,38.961,-17
68.2255,38.9637,-17
69.7345,38.9666,-17
71.2431,38.9696,-17
72.75,38.9711,-17
74.25,38.9711,-17
75.75,38.9711,-17
-75,40.2702,-17
-73.5,40.2702,-17
-72,40.2702,-17
-70.4981,40.2778,-17
-68.9971,40.2934,-17
-67.4976,40.3093,-17
-65.9995,40.3251,-17
-64.5029,40.3403,-17
-63.0076,40.3548,-17
-61.5135,40.3681,-17
-60.0204,40.3802,-17
-58.5283,40.3908,-17
-57.0369,40.3998,-17
-55.5461,40.4071,-17
-54.0558,40.4127,-17
-52.5657,40.4167,-17
-51.0758,40.4189,-17
-49.5859,40.4196,-17
-48.0961,40.4188,-17
-46.606,40.4165,-17
-45.1158,40.4129,-17
-43.6253,40.4081,-17
-42.1345,40.4021,-17
-40.6434,40.3951,-17.0001
-39.1519,40.3871,-17.0003
-37.66,40.3783,-17.0006
-36.1677,40.3687,-17.001
-34.675,40.3584,-17.0015
-33.182,40.3474,-17.002
-31.6886,40.336,-17.0024
-30.1948,40.324,-17.0024
-28.7007,40.3117,-17.0018
-27.2063,40.2991,-17.0004
-25.7117,40.2863,-16.9978
-24.2169,40.2734,-16.9938
-22.7219,40.2604,-16.9883
-21.2267,40.2475,-16.9812
-19.7315,40.2348,-16.9728
-18.2362,40.2222,-16.9631
-16.7408,40.2101,-16.9526
-15.2454,40.1983,-16.9416
-13.7501,40.1871,-16.9305
-12.2547,40.1766,-16.9198
-10.7592,40.1668,-16.9099
-9.26373,40.1578,-16.9015
-7.76808,40.1498,-16.8951
-6.27222,40.1425,-16.8914
-4.7761,40.1362,-16.891
-3.27968,40.1306,-16.894
-1.78291,40.1258,-16.9005
-0.285771,40.1218,-16.91
1.21177,40.1186,-16.9217
2.70973,40.1162,-16.9348
4.20814,40.1148,-16.9481
5.70702,40.1142,-16.961
7.20641,40.1145,-16.9725
8.70633,40.1158,-16.9822
10.2068,40.118,-16.9898
11.7079,40.1211,-16.9953
13.2096,40.1249,-16.999
14.712,40.1293,-17.0012
16.215,40.1343,-17.0023
17.7186,40.1396,-17.0027
19.2228,40.1451,-17.0027
20.7275,40.1507,-17.0025
22.2327,40.1564,-17.0022
23.7383,40.162,-17.0019
25.2444,40.1676,-17.0017
26.7507,40.173,-17.0014
28.2574,40.1782,-17.0011
29.7643,40.1832,-17.0009
31.2714,40.1881,-17.0006
32.7787,40.1927,-17.0004
34.2862,40.1972,-17.0002
35.7939,40.2015,-17.0001
37.3017,40.2056,-17
38.8096,40.2095,-17
40.3176,40.2132,-16.9999
41.8256,40.2167,-16.9999
43.3338,40.2201,-17
44.842,40.2233,-17
46.3503,40.2264,-17
47.8587,40.2293,-17
49.3671,40.2321,-17
50.8755,40.2348,-17
52.384,40.2373,-17
53.8925,40.2398,-17
55.4011,40.2423,-17
56.9097,40.2447,-17
58.4183,40.247,-17
59.927,40.2494,-17
61.4358,40.2517,-17
62.9446,40.2541,-17
64.4534,40.2565,-17
65.9623,40.259,-17
67.4713,40.2616,-17
68.9804,40.2643,-17
70.4897,40.2672,-17
72,40.2702,-17
73.5,40.2702,-17
75,40.2702,-17
-74.25,41.5692,-17
-72.75,41.5692,-17
-71.25,41.5692,-17
-69.7482,41.5866,-17
-68.2483,41.6045,-17
-66.75,41.6224,-17
-65.2534,41.64,-17
-63.7582,41.6568,-17
-62.2644,41.6725,-17
-60.7717,41.6868,-17
-59.28,41.6996,-17
-57.7891,41.7106,-17
-56.2988,41.7198,-17
-54.809,41.7272,-17
-53.3195,41.7327,-17
-51.8302,41.7363,-17
-50.3409,41.7383,-17.0001
-48.8516,41.7385,-17.0001
-47.3621,41.7372,-17.0001
-45.8724,41.7344,-17.0001
-44.3823,41.7303,-17.0001
-42.892,41.7249,-17.0001
-41.4012,41.7184,-17.0002
-39.9101,41.7109,-17.0002
-38.4185,41.7025,-17.0004
-36.9265,41.6932,-17.0007
-35.4341,41.6831,-17.001
-33.9412,41.6724,-17.0014
-32.448,41.6611,-17.0018
-30.9543,41.6493,-17.0021
-29.4603,41.6371,-17.002
-27.966,41.6246,-17.0015
-26.4713,41.6119,-17.0003
-24.9764,41.599,-16.9983
-23.4812,41.586,-16.9952
-21.9858,41.5731,-16.9912
-20.4903,41.5602,-16.9861
-18.9946,41.5476,-16.9801
-17.4988,41.5353,-16.9734
-16.0029,41.5233,-16.9663
-14.5069,41.5118,-16.9589
-13.0109,41.5008,-16.9517
-11.5148,41.4906,-16.9449
-10.0186,41.4811,-16.9388
-8.5223,41.4723,-16.934
-7.02578,41.4644,-16.9309
-5.52903,41.4573,-16.9298
-4.03201,41.451,-16.931
-2.53467,41.4455,-16.9346
-1.03701,41.4408,-16.9403
0.461014,41.4369,-16.9477
1.95941,41.4338,-16.9563
3.4582,41.4315,-16.9652
4.95741,41.43,-16.974
6.45705,41.4295,-16.9821
7.95717,41.4298,-16.989
9.45778,41.4309,-16.9944
10.9589,41.4329,-16.9985
12.4606,41.4356,-17.0011
13.9629,41.4389,-17.0027
15.4657,41.4428,-17.0034
16.9691,41.4472,-17.0035
18.4731,41.4518,-17.0032
19.9776,41.4566,-17.0028
21.4826,41.4616,-17.0024
22.988,41.4666,-17.0019
24.4938,41.4716,-17.0016
25.9999,41.4765,-17.0012
27.5064,41.4813,-17.0009
29.0131,41.4859,-17.0007
30.5201,41.4904,-17.0005
32.0272,41.4948,-17.0003
33.5346,41.499,-17.0002
35.0421,41.503,-17.0001
36.5497,41.5068,-17
38.0575,41.5105,-17
39.5653,41.514,-16.9999
41.0733,41.5174,-16.9999
42.5813,41.5206,-17
44.0894,41.5237,-17
45.5976,41.5266,-17
47.1059,41.5293,-17
48.6141,41.532,-17
50.1225,41.5345,-17
51.6308,41.537,-17
53.1393,41.5393,-17
54.6477,41.5416,-17
56.1562,41.5439,-17
57.6648,41.5461,-17
59.1733,41.5482,-17
60.682,41.5504,-17
62.1907,41.5527,-17
63.6994,41.5549,-17
65.2082,41.5573,-17
66.717,41.5597,-17
68.2259,41.5622,-17
69.7347,41.5649,-17
71.2432,41.5677,-17
72.75,41.5692,-17
74.25,41.5692,-17
75.75,41.5692,-17
-75,42.8683,-17
-73.5,42.8683,-17
-72,42.8683,-17
-70.4987,42.878,-17
-68.9987,42.8979,-17
-67.5004,42.9181,-17
-66.0037,42.938,-17
-64.5087,42.9573,-17
-63.0151,42.9755,-17
-61.5228,42.9923,-17
-60.0316,43.0074,-17
-58.5413,43.0206,-16.9999
-57.0517,43.0319,-16.9999
-55.5625,43.0411,-16.9999
-54.0737,43.0483,-16.9999
-52.585,43.0534,-16.9999
-51.0964,43.0567,-17
-49.6077,43.0581,-17.0001
-48.1188,43.0577,-17.0002
-46.6296,43.0558,-17.0002
-45.1401,43.0524,-17.0003
-43.6502,43.0477,-17.0003
-42.1599,43.0417,-17.0003
-40.6691,43.0347,-17.0004
-39.1779,43.0266,-17.0004
-37.6862,43.0176,-17.0006
-36.194,43.0078,-17.0008
-34.7014,42.9973,-17.001
-33.2083,42.9862,-17.0013
-31.7147,42.9745,-17.0016
-30.2208,42.9624,-17.0018
-28.7265,42.95,-17.0017
-27.2318,42.9373,-17.0013
-25.7367,42.9244,-17.0003
-24.2414,42.9114,-16.9988
-22.7458,42.8984,-16.9966
-21.25,42.8855,-16.9937
-19.754,42.8727,-16.9903
-18.2577,42.8602,-16.9862
-16.7614,42.848,-16.9819
-15.2649,42.8362,-16.9773
-13.7683,42.8249,-16.9726
-12.2716,42.8142,-16.9681
-10.7748,42.8042,-16.9641
-9.27776,42.7949,-16.9607
-7.78059,42.7863,-16.9583
-6.28321,42.7786,-16.9572
-4.78558,42.7716,-16.9575
-3.28767,42.7654,-16.9593
-1.78946,42.76,-16.9626
-0.290935,42.7553,-16.9671
1.20792,42.7515,-16.9724
2.70713,42.7484,-16.9782
4.20671,42.7461,-16.984
5.70667,42.7446,-16.9893
7.20704,42.744,-16.994
8.70784,42.7442,-16.9977
10.2091,42.7451,-17.0005
11.7109,42.7468,-17.0023
13.2131,42.7491,-17.0033
14.7159,42.752,-17.0036
16.2192,42.7554,-17.0035
17.7231,42.7591,-17.0032
19.2274,42.7632,-17.0027
20.7322,42.7674,-17.0022
22.2374,42.7718,-17.0017
23.743,42.7761,-17.0013
25.249,42.7805,-17.001
26.7553,42.7848,-17.0007
28.2618,42.7891,-17.0005
29.7686,42.7932,-17.0003
31.2757,42.7972,-17.0002
32.7829,42.8011,-17.0001
34.2902,42.8049,-17
35.7978,42.8085,-17
37.3054,42.8119,-16.9999
38.8131,42.8152,-16.9999
40.321,42.8184,-17
41.8289,42.8214,-17
43.3369,42.8243,-17
44.845,42.827,-17
46.3531,42.8297,-17
47.8613,42.8322,-17
49.3695,42.8345,-17
50.8778,42.8368,-17
52.3861,42.839,-17
53.8945,42.8412,-17
55.4029,42.8433,-17
56.9113,42.8453,-17
58.4198,42.8473,-17
59.9283,42.8494,-17
61.4369,42.8514,-17
62.9455,42.8535,-17
64.4542,42.8557,-17
65.9629,42.8579,-17
67.4718,42.8603,-17
68.9807,42.8628,-17
70.4899,42.8654,-17
72,42.8683,-17
73.5,42.8683,-17
75,42.8683,-17
-74.25,44.1673,-17
-72.75,44.1673,-17
-71.25,44.1673,-17
-69.7492,44.1893,-17
-68.2506,44.2118,-17.0001
-66.7539,44.2343,-17.0001
-65.259,44.2562,-17.0001
-63.7657,44.277,-17.0001
-62.2738,44.2965,-17
-60.7831,44.3141,-16.9999
-59.2934,44.3298,-16.9998
-57.8045,44.3433,-16.9997
-56.3161,44.3545,-16.9997
-54.8281,44.3635,-16.9997
-53.3402,44.3702,-16.9997
-51.8523,44.3749,-16.9999
-50.3643,44.3775,-17
-48.876,44.3782,-17.0002
-47.3875,44.3772,-17.0004
-45.8986,44.3745,-17.0005
-44.4092,44.3704,-17.0006
-42.9193,44.365,-17.0006
-41.429,44.3584,-17.0006
-39.9381,44.3507,-17.0007
-38.4467,44.342,-17.0007
-36.9548,44.3324,-17.0008
-35.4624,44.3221,-17.0009
-33.9695,44.3112,-17.0011
-32.4761,44.2996,-17.0013
-30.9822,44.2876,-17.0014
-29.4879,44.2752,-17.0015
-27.9931,44.2625,-17.0014
-26.498,44.2496,-17.0011
-25.0025,44.2366,-17.0004
-23.5067,44.2235,-16.9993
-22.0106,44.2104,-16.9978
-20.5143,44.1975,-16.996
-19.0177,44.1848,-16.9937
-17.5209,44.1723,-16.9912
-16.0239,44.1603,-16.9885
-14.5268,44.1487,-16.9857
-13.0295,44.1376,-16.983
-11.532,44.1271,-16.9804
-10.0344,44.1173,-16.9782
-8.53661,44.1082,-16.9765
-7.0386,44.0998,-16.9756
-5.54036,44.0921,-16.9755
-4.04187,44.0853,-16.9764
-2.54311,44.0791,-16.9782
-1.04406,44.0738,-16.9808
0.455282,44.0692,-16.984
1.95494,44.0653,-16.9875
3.45492,44.0623,-16.9911
4.95525,44.06,-16.9945
6.45593,44.0584,-16.9975
7.95699,44.0577,-16.9998
9.45846,44.0577,-17.0016
10.9604,44.0584,-17.0027
12.4627,44.0598,-17.0033
13.9655,44.0617,-17.0034
15.4688,44.0642,-17.0032
16.9726,44.0671,-17.0028
18.4768,44.0703,-17.0023
19.9815,44.0738,-17.0018
21.4866,44.0775,-17.0014
22.9921,44.0812,-17.001
24.4979,44.085,-17.0008
26.004,44.0889,-17.0005
27.5104,44.0927,-17.0003
29.0171,44.0964,-17.0002
30.524,44.1001,-17.0001
32.0311,44.1036,-17
33.5384,44.1071,-17
35.0458,44.1104,-17
36.5533,44.1136,-16.9999
38.061,44.1167,-16.9999
39.5687,44.1196,-17
41.0765,44.1225,-17
42.5845,44.1252,-17
44.0924,44.1277,-17
45.6005,44.1302,-17
47.1086,44.1325,-17
48.6167,44.1348,-17
50.1249,44.1369,-17
51.6331,44.139,-17
53.1413,44.1409,-17
54.6496,44.1429,-17
56.158,44.1448,-17
57.6663,44.1466,-17
59.1748,44.1485,-17
60.6832,44.1504,-17
62.1917,44.1523,-17
63.7003,44.1542,-17
65.2089,44.1563,-17
66.7176,44.1585,-17
68.2263,44.1608,-17
69.735,44.1633,-17
71.2433,44.1659,-17
72.75,44.1673,-17
74.25,44.1673,-17
75.75,44.1673,-17
-75,45.4663,-17
-73.5,45.4663,-17
-72,45.4663,-17
-70.4993,45.4785,-17
-69.0006,45.5034,-17.0001
-67.5038,45.5285,-17.0001
-66.009,45.5533,-17.0002
-64.5159,45.577,-17.0001
-63.0245,45.5993,-17
-61.5344,45.6197,-16.9999
-60.0454,45.638,-16.9997
-58.5573,45.6539,-16.9995
-57.0697,45.6673,-16.9993
-55.5826,45.6783,-16.9992
-54.0956,45.6868,-16.9993
-52.6085,45.6929,-16.9995
-51.1213,45.6968,-16.9998
-49.6339,45.6986,-17.0002
-48.146,45.6985,-17.0005
-46.6578,45.6966,-17.0007
-45.169,45.6932,-17.0009
-43.6797,45.6883,-17.001
-42.1898,45.6821,-17.0011
-40.6993,45.6747,-17.0011
-39.2083,45.6663,-17.0011
-37.7166,45.657,-17.0011
-36.2244,45.6469,-17.0011
-34.7317,45.6361,-17.0011
-33.2384,45.6246,-17.0012
-31.7446,45.6127,-17.0012
-30.2503,45.6003,-17.0012
-28.7555,45.5876,-17.0012
-27.2603,45.5746,-17.0011
-25.7647,45.5615,-17.0009
-24.2687,45.5483,-17.0004
-22.7723,45.5351,-16.9998
-21.2756,45.522,-16.9989
-19.7787,45.5091,-16.9977
-18.2815,45.4964,-16.9964
-16.784,45.4841,-16.995
-15.2864,45.4721,-16.9934
-13.7885,45.4607,-16.9919
-12.2905,45.4498,-16.9904
-10.7922,45.4394,-16.989
-9.29382,45.4298,-16.988
-7.79519,45.4208,-16.9874
-6.29635,45.4126,-16.9872
-4.79727,45.405,-16.9876
-3.29794,45.3983,-16.9885
-1.79835,45.3922,-16.99
-0.298495,45.3869,-16.9918
1.20164,45.3823,-16.9939
2.70206,45.3785,-16.996
4.20279,45.3754,-16.998
5.70383,45.3731,-16.9997
7.20521,45.3715,-17.0011
8.70694,45.3706,-17.0021
10.2091,45.3704,-17.0027
11.7116,45.3709,-17.003
13.2145,45.3719,-17.0029
14.7178,45.3735,-17.0027
16.2216,45.3756,-17.0023
17.7258,45.378,-17.0018
19.2304,45.3807,-17.0014
20.7354,45.3837,-17.0011
22.2408,45.3868,-17.0008
23.7465,45.3901,-17.0005
25.2526,45.3934,-17.0003
26.7589,45.3967,-17.0002
28.2654,45.4,-17.0001
29.7722,45.4033,-17
31.2792,45.4065,-17
32.7864,45.4096,-17
34.2937,45.4127,-16.9999
35.8012,45.4156,-16.9999
37.3087,45.4185,-17
38.8164,45.4212,-17
40.3242,45.4238,-17
41.832,45.4263,-17
43.3399,45.4287,-17
44.8479,45.431,-17
46.3559,45.4332,-17
47.8639,45.4352,-17
49.372,45.4372,-17
50.8801,45.4391,-17
52.3883,45.4409,-17
53.8965,45.4427,-17
55.4047,45.4444,-17
56.913,45.4461,-17
58.4213,45.4478,-17
59.9297,45.4495,-17
61.4381,45.4512,-17
62.9466,45.453,-17
64.4551,45.4549,-17
65.9636,45.4568,-17
67.4723,45.459,-17
68.981,45.4612,-17
70.4901,45.4637,-17
72,45.4663,-17
73.5,45.4663,-17
75,45.4663,-17
-74.25,46.7654,-17
-72.75,46.7654,-17
-71.25,46.7654,-17
-69.7505,46.7927,-17.0001
-68.2535,46.8207,-17.0002
-66.7586,46.8484,-17.0002
-65.2658,46.8752,-17.0002
-63.7748,46.9006,-17
-62.2854,46.9241,-16.9997
-60.7971,46.9452,-16.9994
-59.3099,46.9638,-16.999
-57.8233,46.9796,-16.9987
-56.3371,46.9927,-16.9985
-54.8511,47.0031,-16.9986
-53.3651,47.0108,-16.9989
-51.8788,47.0161,-16.9994
-50.3922,47.019,-17
-48.9052,47.0199,-17.0006
-47.4177,47.0188,-17.0011
-45.9296,47.016,-17.0014
-44.4408,47.0116,-17.0016
-42.9514,47.0058,-17.0017
-41.4614,46.9988,-17.0017
-39.9707,46.9907,-17.0017
-38.4794,46.9816,-17.0017
-36.9875,46.9716,-17.0016
-35.4949,46.9609,-17.0015
-34.0017,46.9495,-17.0014
-32.508,46.9376,-17.0013
-31.0137,46.9252,-17.0011
-29.5189,46.9125,-17.001
-28.0236,46.8995,-17.0009
-26.5278,46.8863,-17.0008
-25.0316,46.8729,-17.0007
-23.535,46.8596,-17.0004
-22.038,46.8463,-17.0001
-20.5407,46.8332,-16.9996
-19.0431,46.8202,-16.9991
-17.5452,46.8076,-16.9984
-16.047,46.7953,-16.9976
-14.5487,46.7835,-16.9969
-13.05,46.7721,-16.9961
-11.5512,46.7614,-16.9954
-10.0522,46.7512,-16.9948
-8.55296,46.7417,-16.9944
-7.0535,46.7328,-16.9943
-5.55383,46.7247,-16.9945
-4.05392,46.7173,-16.9949
-2.55378,46.7106,-16.9957
-1.05339,46.7046,-16.9967
0.447247,46.6993,-16.9978
1.94814,46.6947,-16.999
3.44931,46.6909,-17.0001
4.95075,46.6878,-17.001
6.45249,46.6854,-17.0018
7.95453,46.6837,-17.0023
9.45691,46.6827,-17.0025
10.9596,46.6823,-17.0025
12.4627,46.6825,-17.0024
13.9662,46.6832,-17.0021
15.4701,46.6845,-17.0017
16.9743,46.6861,-17.0014
18.4789,46.6881,-17.001
19.9839,46.6904,-17.0007
21.4892,46.6929,-17.0005
22.9949,46.6955,-17.0003
24.5009,46.6983,-17.0002
26.0071,46.7011,-17.0001
27.5136,46.704,-17
29.0203,46.7069,-17
30.5272,46.7097,-17
32.0343,46.7125,-16.9999
33.5416,46.7152,-16.9999
35.049,46.7179,-16.9999
36.5565,46.7205,-17
38.0641,46.723,-17
39.5718,46.7254,-17
41.0796,46.7277,-17
42.5874,46.7299,-17
44.0953,46.732,-17
45.6032,46.734,-17
47.1112,46.7359,-17
48.6192,46.7377,-17
50.1273,46.7395,-17
51.6354,46.7411,-17
53.1435,46.7427,-17
54.6517,46.7443,-17
56.1598,46.7458,-17
57.6681,46.7473,-17
59.1763,46.7488,-17
60.6846,46.7504,-17
62.1929,46.752,-17
63.7013,46.7536,-17
65.2098,46.7554,-17
66.7183,46.7573,-17
68.2268,46.7593,-17
69.7353,46.7616,-17
71.2435,46.764,-17
72.75,46.7654,-17
74.25,46.7654,-17
75.75,46.7654,-17
-75,48.0644,-17
-73.5,48.0644,-17
-72,48.0644,-17
-70.5002,48.0795,-17
-69.0028,48.1103,-17
-67.5079,48.1412,-17
-66.0153,48.1714,-17
-64.5247,48.2003,-16.9997
-63.0359,48.2271,-16.9993
-61.5485,48.2514,-16.9988
-60.0622,48.2729,-16.9981
-58.5767,48.2914,-16.9976
-57.0916,48.3068,-16.9973
-55.6067,48.3192,-16.9974
-54.1218,48.3286,-16.998
-52.6366,48.3354,-16.9989
-51.1511,48.3395,-16.9999
-49.665,48.3413,-17.0009
-48.1783,48.3411,-17.0017
-46.6909,48.3389,-17.0022
-45.2029,48.335,-17.0025
-43.7141,48.3296,-17.0026
-42.2245,48.3229,-17.0027
-40.7343,48.315,-17.0027
-39.2433,48.3061,-17.0027
-37.7516,48.2963,-17.0026
-36.2592,48.2856,-17.0024
-34.7662,48.2743,-17.0021
-33.2725,48.2624,-17.0017
-31.7782,48.25,-17.0013
-30.2833,48.2372,-17.001
-28.7879,48.2241,-17.0008
-27.292,48.2108,-17.0006
-25.7956,48.1974,-17.0005
-24.2988,48.1838,-17.0004
-22.8015,48.1703,-17.0004
-21.3038,48.157,-17.0003
-19.8058,48.1438,-17.0002
-18.3075,48.1308,-16.9999
-16.8088,48.1182,-16.9997
-15.3099,48.106,-16.9994
-13.8108,48.0942,-16.9991
-12.3114,48.083,-16.9987
-10.8117,48.0723,-16.9985
-9.31188,48.0623,-16.9983
-7.81182,48.0529,-16.9983
-6.31154,48.0442,-16.9983
-4.81104,48.0361,-16.9986
-3.31033,48.0288,-16.999
-1.80939,48.0221,-16.9995
-0.308225,48.0162,-17.0001
1.19317,48.0109,-17.0006
2.6948,48.0064,-17.0012
4.19668,48.0026,-17.0016
5.69882,47.9994,-17.0019
7.20123,47.9969,-17.0021
8.70392,47.9951,-17.0021
10.2069,47.9939,-17.002
11.7102,47.9933,-17.0018
13.2139,47.9933,-17.0015
14.7179,47.9938,-17.0012
16.2222,47.9946,-17.0009
17.7269,47.9959,-17.0007
19.2319,47.9975,-17.0004
20.7373,47.9994,-17.0003
22.2429,48.0014,-17.0001
23.7488,48.0036,-17
25.2551,48.006,-17
26.7615,48.0084,-16.9999
28.2682,48.0108,-16.9999
29.7751,48.0133,-16.9999
31.2821,48.0157,-16.9999
32.7893,48.0181,-16.9999
34.2967,48.0205,-17
35.8041,48.0228,-17
37.3117,48.0251,-17
38.8194,48.0272,-17
40.3271,48.0293,-17
41.8349,48.0313,-17
43.3428,48.0333,-17
44.8507,48.0351,-17
46.3586,48.0368,-17
47.8666,48.0385,-17
49.3746,48.0401,-17
50.8826,48.0415,-17
52.3906,48.043,-17
53.8987,48.0444,-17
55.4068,48.0457,-17
56.9149,48.047,-17
58.4231,48.0484,-17
59.9313,48.0497,-17
61.4395,48.0511,-17
62.9478,48.0526,-17
64.4561,48.0541,-17
65.9645,48.0558,-17
67.4729,48.0576,-17
68.9815,48.0597,-17
70.4903,48.0619,-17
72,48.0644,-17
73.5,48.0644,-17
75,48.0644,-17
-74.25,49.3634,-17
-72.75,49.3634,-17
-71.25,49.3634,-17
-69.7521,49.3972,-16.9997
-68.2569,49.4315,-16.9993
-66.7643,49.4654,-16.9991
-65.274,49.4979,-16.9988
-63.7858,49.5284,-16.9982
-62.2993,49.5563,-16.9974
-60.814,49.581,-16.9965
-59.3297,49.6025,-16.9957
-57.8459,49.6205,-16.9953
-56.3623,49.6351,-16.9956
-54.8786,49.6465,-16.9965
-53.3947,49.6547,-16.998
-51.9103,49.6602,-16.9998
-50.4253,49.663,-17.0015
-48.9396,49.6635,-17.0029
-47.4531,49.662,-17.0037
-45.9658,49.6586,-17.0041
-44.4777,49.6536,-17.0041
-42.9887,49.6471,-17.0041
-41.4989,49.6394,-17.0041
-40.0082,49.6307,-17.004
-38.5168,49.6209,-17.0039
-37.0246,49.6103,-17.0037
-35.5317,49.599,-17.0033
-34.0381,49.5871,-17.0027
-32.5439,49.5747,-17.002
-31.049,49.5618,-17.0013
-29.5535,49.5486,-17.0008
-28.0574,49.5352,-17.0004
-26.5608,49.5215,-17.0002
-25.0637,49.5078,-17.0001
-23.5661,49.4941,-17.0002
-22.0681,49.4805,-17.0003
-20.5697,49.467,-17.0004
-19.0709,49.4537,-17.0004
-17.5718,49.4408,-17.0005
-16.0723,49.4282,-17.0004
-14.5726,49.416,-17.0004
-13.0726,49.4044,-17.0003
-11.5724,49.3932,-17.0002
-10.072,49.3827,-17.0002
-8.57128,49.3727,-17.0002
-7.07039,49.3635,-17.0003
-5.56929,49.3548,-17.0004
-4.06799,49.3469,-17.0006
-2.56648,49.3396,-17.0008
-1.06477,49.333,-17.0011
0.437156,49.3271,-17.0014
1.93929,49.3219,-17.0016
3.44164,49.3173,-17.0017
4.94421,49.3135,-17.0018
6.44702,49.3103,-17.0018
7.95007,49.3077,-17.0017
9.45339,49.3058,-17.0015
10.957,49.3044,-17.0013
12.4609,49.3036,-17.0011
13.9651,49.3034,-17.0008
15.4695,49.3035,-17.0006
16.9743,49.3041,-17.0004
18.4794,49.305,-17.0002
19.9848,49.3062,-17.0001
21.4905,49.3077,-17
22.9965,49.3094,-17
24.5027,49.3112,-16.9999
26.0092,49.3131,-16.9999
27.5158,49.3151,-16.9999
29.0227,49.3171,-16.9999
30.5297,49.3192,-16.9999
32.0369,49.3213,-16.9999
33.5443,49.3234,-17
35.0517,49.3254,-17
36.5593,49.3274,-17
38.0669,49.3293,-17
39.5746,49.3312,-17
41.0824,49.333,-17
42.5902,49.3347,-17
44.0981,49.3364,-17
45.606,49.3379,-17
47.1139,49.3394,-17
48.6219,49.3408,-17
50.1299,49.3422,-17
51.6379,49.3434,-17
53.1459,49.3447,-17
54.6539,49.3458,-17
56.162,49.347,-17
57.67,49.3481,-17
59.1781,49.3493,-17
60.6862,49.3505,-17
62.1944,49.3517,-17
63.7026,49.353,-17
65.2108,49.3545,-17
66.7191,49.3561,-17
68.2274,49.3579,-17
69.7357,49.3599,-17
71.2436,49.3622,-17
72.75,49.3634,-17
74.25,49.3634,-17
75.75,49.3634,-17
-75,50.6625,-17
-73.5,50.6625,-17
-72,50.6625,-17
-70.5011,50.6811,-16.9991
-69.0055,50.7189,-16.998
-67.5128,50.7566,-16.9969
-66.0228,50.7933,-16.9962
-64.5352,50.8278,-16.9954
-63.0495,50.8596,-16.9943
-61.5653,50.8881,-16.9931
-60.0822,50.9128,-16.9922
-58.5997,50.9337,-16.9918
-57.1176,50.9508,-16.9924
-55.6353,50.9643,-16.9941
-54.1528,50.9743,-16.9967
-52.6698,50.9811,-16.9998
-51.186,50.985,-17.0028
-49.7014,50.9863,-17.0052
-48.216,50.9854,-17.0065
-46.7296,50.9824,-17.0069
-45.2422,50.9777,-17.0068
-43.7539,50.9715,-17.0064
-42.2646,50.964,-17.0061
-40.7744,50.9553,-17.0059
-39.2833,50.9456,-17.0058
-37.7913,50.935,-17.0056
-36.2986,50.9237,-17.0051
-34.805,50.9117,-17.0043
-33.3108,50.8992,-17.0033
-31.8158,50.8862,-17.0022
-30.3202,50.8729,-17.0011
-28.824,50.8593,-17.0004
-27.3272,50.8455,-16.9999
-25.8298,50.8316,-16.9996
-24.3319,50.8176,-16.9997
-22.8335,50.8037,-16.9998
-21.3347,50.79,-17.0001
-19.8355,50.7764,-17.0003
-18.3359,50.7631,-17.0006
-16.8359,50.7501,-17.0007
-15.3356,50.7375,-17.0008
-13.8351,50.7254,-17.0009
-12.3342,50.7138,-17.0009
-10.8332,50.7028,-17.0009
-9.33188,50.6923,-17.001
-7.83037,50.6825,-17.001
-6.32866,50.6733,-17.0011
-4.82675,50.6648,-17.0012
-3.32465,50.6569,-17.0013
-1.82236,50.6497,-17.0014
-0.319891,50.6432,-17.0015
1.18277,50.6373,-17.0015
2.68561,50.6321,-17.0016
4.18866,50.6276,-17.0015
5.6919,50.6237,-17.0014
7.19536,50.6204,-17.0013
8.69904,50.6178,-17.0011
10.203,50.6157,-17.0009
11.7071,50.6142,-17.0007
13.2116,50.6132,-17.0005
14.7163,50.6127,-17.0003
16.2212,50.6126,-17.0002
17.7265,50.6128,-17.0001
19.232,50.6134,-17
20.7377,50.6143,-16.9999
22.2438,50.6154,-16.9999
23.75,50.6167,-16.9999
25.2565,50.6181,-16.9999
26.7632,50.6197,-16.9999
28.2701,50.6213,-16.9999
29.7771,50.623,-16.9999
31.2844,50.6248,-17
32.7917,50.6265,-17
34.2992,50.6282,-17
35.8067,50.63,-17
37.3144,50.6316,-17
38.8221,50.6333,-17
40.3299,50.6349,-17
41.8377,50.6364,-17
43.3456,50.6379,-17
44.8535,50.6393,-17
46.3614,50.6406,-17
47.8693,50.6418,-17
49.3773,50.643,-17
50.8852,50.6441,-17
52.3932,50.6451,-17
53.9011,50.6461,-17
55.4091,50.6471,-17
56.9171,50.6481,-17
58.4251,50.649,-17
59.9332,50.65,-17
61.4412,50.651,-17
62.9493,50.6522,-17
64.4574,50.6534,-17
65.9655,50.6548,-17
67.4737,50.6563,-17
68.982,50.6581,-17
70.4906,50.6601,-17
72,50.6625,-17
73.5,50.6625,-17
75,50.6625,-17
-74.25,51.9615,-17
-72.75,51.9615,-17
-71.25,51.9615,-17
-69.7538,52.003,-16.996
-68.2609,52.0449,-16.9929
-66.771,52.0859,-16.991
-65.2838,52.125,-16.9894
-63.7989,52.1612,-16.988
-62.3159,52.1938,-16.9866
-60.8341,52.2223,-16.9855
-59.3531,52.2465,-16.9854
-57.8725,52.2664,-16.9868
-56.3919,52.2822,-16.9899
-54.9109,52.294,-16.9945
-53.4294,52.3023,-16.9999
-51.9471,52.3074,-17.0052
-50.4638,52.3095,-17.0092
-48.9796,52.3092,-17.0115
-47.4942,52.3066,-17.012
-46.0077,52.3022,-17.0113
-44.5201,52.2961,-17.0102
-43.0314,52.2886,-17.0091
-41.5417,52.28,-17.0086
-40.0509,52.2702,-17.0084
-38.5593,52.2596,-17.0082
-37.0667,52.2482,-17.0077
-35.5732,52.2362,-17.0068
-34.079,52.2235,-17.0054
-32.584,52.2105,-17.0037
-31.0883,52.197,-17.0021
-29.5919,52.1832,-17.0007
-28.0948,52.1692,-16.9997
-26.5972,52.1551,-16.9991
-25.0989,52.1409,-16.999
-23.6002,52.1267,-16.9992
-22.101,52.1126,-16.9995
-20.6013,52.0987,-16.9999
-19.1012,52.0851,-17.0002
-17.6007,52.0717,-17.0005
-16.0998,52.0587,-17.0007
-14.5987,52.0462,-17.0009
-13.0972,52.0341,-17.001
-11.5956,52.0226,-17.001
-10.0936,52.0117,-17.0011
-8.59148,52.0013,-17.0011
-7.08914,51.9916,-17.0012
-5.58661,51.9825,-17.0012
-4.08389,51.974,-17.0013
-2.58101,51.9662,-17.0013
-1.07796,51.9591,-17.0013
0.425247,51.9526,-17.0013
1.92862,51.9468,-17.0012
3.43217,51.9417,-17.0012
4.93588,51.9371,-17.001
6.43978,51.9332,-17.0009
7.94386,51.9299,-17.0007
9.44815,51.9271,-17.0006
10.9526,51.925,-17.0004
12.4574,51.9233,-17.0003
13.9623,51.9221,-17.0001
15.4675,51.9213,-17
16.9729,51.9209,-17
18.4786,51.9209,-16.9999
19.9845,51.9212,-16.9999
21.4906,51.9218,-16.9999
22.997,51.9225,-16.9999
24.5035,51.9235,-16.9999
26.0103,51.9246,-16.9999
27.5172,51.9258,-16.9999
29.0243,51.9271,-17
30.5316,51.9285,-17
32.0389,51.9299,-17
33.5464,51.9313,-17
35.054,51.9327,-17
36.5617,51.9342,-17
38.0695,51.9356,-17
39.5773,51.9369,-17
41.0851,51.9383,-17
42.593,51.9395,-17
44.1009,51.9408,-17
45.6088,51.9419,-17
47.1168,51.943,-17
48.6247,51.944,-17
50.1327,51.945,-17
51.6406,51.9458,-17
53.1485,51.9467,-17
54.6565,51.9474,-17
56.1644,51.9482,-17
57.6723,51.949,-17
59.1803,51.9498,-17
60.6882,51.9506,-17
62.1962,51.9515,-17
63.7041,51.9525,-17
65.2121,51.9536,-17
66.7201,51.9549,-17
68.2282,51.9564,-17
69.7362,51.9582,-17
71.2438,51.9603,-17
72.75,51.9615,-17
74.25,51.9615,-17
75.75,51.9615,-17
-75,53.2606,-17
-73.5,53.2606,-17
-72,53.2606,-17
-70.5022,53.2833,-16.9943
-69.0086,53.3295,-16.9879
-67.5186,53.3754,-16.9821
-66.0317,53.4195,-16.9787
-64.5476,53.4606,-16.9763
-63.0656,53.4979,-16.9746
-61.5851,53.5306,-16.9736
-60.1057,53.5585,-16.9742
-58.6268,53.5816,-16.977
-57.1479,53.6001,-16.9825
-55.6688,53.614,-16.9903
-54.189,53.624,-16.9996
-52.7083,53.6302,-17.0086
-51.2266,53.6333,-17.0158
-49.7437,53.6335,-17.0199
-48.2596,53.6313,-17.0208
-46.7741,53.627,-17.0192
-45.2874,53.621,-17.0165
-43.7994,53.6135,-17.014
-42.3102,53.6048,-17.0124
-40.8199,53.595,-17.0117
-39.3285,53.5842,-17.0116
-37.8361,53.5727,-17.0113
-36.3428,53.5605,-17.0103
-34.8486,53.5477,-17.0086
-33.3535,53.5345,-17.0063
-31.8577,53.5208,-17.0038
-30.3611,53.5069,-17.0015
-28.8638,53.4927,-16.9998
-27.3658,53.4783,-16.9986
-25.8673,53.4638,-16.9982
-24.3681,53.4494,-16.9982
-22.8685,53.435,-16.9986
-21.3683,53.4207,-16.9991
-19.8677,53.4067,-16.9997
-18.3666,53.393,-17.0001
-16.8652,53.3796,-17.0005
-15.3635,53.3666,-17.0007
-13.8614,53.3541,-17.0008
-12.3591,53.3422,-17.0009
-10.8565,53.3307,-17.0009
-9.35373,53.3198,-17.0009
-7.85073,53.3096,-17.001
-6.34755,53.3,-17.001
-4.84421,53.291,-17.001
-3.34071,53.2826,-17.001
-1.83706,53.2749,-17.001
-0.333268,53.2679,-17.001
1.17066,53.2614,-17.0009
2.67474,53.2557,-17.0008
4.17895,53.2505,-17.0007
5.68332,53.246,-17.0006
7.18784,53.242,-17.0004
8.69253,53.2386,-17.0003
10.1974,53.2358,-17.0002
11.7024,53.2335,-17.0001
13.2077,53.2317,-17
14.7131,53.2303,-17
16.2188,53.2293,-16.9999
17.7247,53.2287,-16.9999
19.2307,53.2284,-16.9999
20.737,53.2284,-16.9999
22.2435,53.2286,-16.9999
23.7502,53.2291,-16.9999
25.257,53.2297,-16.9999
26.764,53.2305,-17
28.2712,53.2314,-17
29.7785,53.2324,-17
31.286,53.2335,-17
32.7935,53.2346,-17
34.3012,53.2357,-17
35.8089,53.2369,-17
37.3167,53.2381,-17
38.8246,53.2392,-17
40.3325,53.2403,-17
41.8404,53.2414,-17
43.3484,53.2424,-17
44.8563,53.2434,-17
46.3643,53.2443,-17
47.8722,53.2452,-17
49.3802,53.246,-17
50.8881,53.2467,-17
52.3961,53.2474,-17
53.904,53.248,-17
55.4119,53.2486,-17
56.9197,53.2491,-17
58.4276,53.2497,-17
59.9355,53.2503,-17
61.4433,53.251,-17
62.9512,53.2518,-17
64.459,53.2527,-17
65.9669,53.2537,-17
67.4748,53.255,-17
68.9828,53.2565,-17
70.491,53.2583,-17
72,53.2606,-17
73.5,53.2606,-17
75,53.2606,-17
-74.25,54.5596,-17
-72.75,54.5596,-17
-71.25,54.5596,-17
-69.756,54.6102,-16.9829
-68.2657,54.6611,-16.97
-66.7789,54.7106,-16.962
-65.2953,54.7572,-16.9571
-63.8143,54.7998,-16.9544
-62.3352,54.8374,-16.9535
-60.8574,54.8697,-16.9551
-59.3803,54.8965,-16.9602
-57.9034,54.9179,-16.9693
-56.4262,54.9343,-16.9822
-54.9483,54.9461,-16.9975
-53.4696,54.9537,-17.0128
-51.9897,54.9576,-17.0252
-50.5084,54.9584,-17.0328
-49.0257,54.9565,-17.0347
-47.5414,54.9524,-17.032
-46.0557,54.9463,-17.0269
-44.5686,54.9388,-17.0217
-43.0801,54.9298,-17.018
-41.5903,54.9198,-17.0162
-40.0992,54.9088,-17.0158
-38.6071,54.8971,-17.0157
-37.1138,54.8847,-17.015
-35.6196,54.8717,-17.0131
-34.1245,54.8583,-17.0102
-32.6285,54.8444,-17.0067
-31.1317,54.8302,-17.0032
-29.6341,54.8158,-17.0003
-28.1359,54.8012,-16.9984
-26.637,54.7865,-16.9973
-25.1374,54.7717,-16.9971
-23.6373,54.757,-16.9975
-22.1366,54.7424,-16.9981
-20.6355,54.7281,-16.9989
-19.1339,54.7139,-16.9996
-17.6319,54.7002,-17.0001
-16.1295,54.6868,-17.0004
-14.6268,54.6738,-17.0006
-13.1238,54.6614,-17.0007
-11.6206,54.6494,-17.0007
-10.1171,54.6381,-17.0007
-8.61344,54.6273,-17.0007
-7.1096,54.6172,-17.0007
-5.60559,54.6077,-17.0007
-4.10145,54.5988,-17.0007
-2.59717,54.5905,-17.0007
-1.09277,54.5829,-17.0006
0.411742,54.5759,-17.0006
1.91637,54.5696,-17.0005
3.42112,54.5639,-17.0004
4.92599,54.5587,-17.0003
6.43099,54.5542,-17.0002
7.93612,54.5502,-17.0001
9.44139,54.5467,-17.0001
10.9468,54.5438,-17
12.4524,54.5414,-16.9999
13.9581,54.5394,-16.9999
15.4641,54.5378,-16.9999
16.9702,54.5366,-16.9999
18.4765,54.5358,-16.9999
19.9829,54.5352,-16.9999
21.4896,54.535,-16.9999
22.9964,54.5349,-16.9999
24.5034,54.5351,-17
26.0105,54.5355,-17
27.5178,54.536,-17
29.0252,54.5366,-17
30.5327,54.5373,-17
32.0404,54.5381,-17
33.5481,54.5389,-17
35.0559,54.5398,-17
36.5638,54.5407,-17
38.0718,54.5416,-17
39.5797,54.5425,-17
41.0877,54.5434,-17
42.5958,54.5443,-17
44.1038,54.5451,-17
45.6118,54.5458,-17
47.1198,54.5465,-17
48.6278,54.5472,-17
50.1358,54.5478,-17
51.6437,54.5483,-17
53.1516,54.5487,-17
54.6595,54.5491,-17
56.1673,54.5495,-17
57.6752,54.5499,-17
59.183,54.5503,-17
60.6908,54.5508,-17
62.1985,54.5513,-17
63.7062,54.552,-17
65.2139,54.5528,-17
66.7216,54.5538,-17
68.2292,54.555,-17
69.7368,54.5565,-17
71.2441,54.5584,-17
72.75,54.5596,-17
74.25,54.5596,-17
75.75,54.5596,-17
-75,55.8586,-17
-73.5,55.8586,-17
-72,55.8586,-17
-70.5035,55.8864,-16.981
-69.0124,55.9425,-16.9594
-67.5255,55.9978,-16.94
-66.0423,56.0505,-16.929
-64.5621,56.099,-16.9235
-63.0842,56.1423,-16.9219
-61.608,56.1795,-16.9247
-60.1328,56.2106,-16.9327
-58.6579,56.2355,-16.947
-57.1828,56.2548,-16.9672
-55.7072,56.2687,-16.9915
-54.2307,56.2778,-17.0162
-52.7528,56.2827,-17.0373
-51.2734,56.284,-17.0509
-49.7923,56.2824,-17.0555
-48.3096,56.2783,-17.0519
-46.8251,56.2722,-17.0434
-45.339,56.2643,-17.0338
-43.8513,56.2551,-17.0263
-42.362,56.2448,-17.0222
-40.8714,56.2335,-17.021
-39.3795,56.2214,-17.0212
-37.8864,56.2087,-17.021
-36.3922,56.1955,-17.0192
-34.897,56.1818,-17.0158
-33.4008,56.1677,-17.0112
-31.9038,56.1533,-17.0062
-30.406,56.1386,-17.0018
-28.9074,56.1237,-16.9984
-27.4081,56.1087,-16.9965
-25.9081,56.0937,-16.9957
-24.4075,56.0787,-16.996
-22.9063,56.0638,-16.9968
-21.4046,56.049,-16.9978
-19.9024,56.0345,-16.9988
-18.3998,56.0203,-16.9996
-16.8968,56.0065,-17.0001
-15.3934,55.9931,-17.0004
-13.8897,55.9802,-17.0005
-12.3858,55.9678,-17.0005
-10.8816,55.956,-17.0005
-9.37727,55.9448,-17.0005
-7.87273,55.9341,-17.0004
-6.36805,55.9241,-17.0004
-4.86323,55.9147,-17.0004
-3.3583,55.9059,-17.0004
-1.85327,55.8978,-17.0004
-0.348139,55.8903,-17.0003
1.15708,55.8834,-17.0003
2.66239,55.8771,-17.0002
4.16779,55.8714,-17.0002
5.67329,55.8663,-17.0001
7.17889,55.8617,-17
8.6846,55.8577,-17
10.1904,55.8542,-16.9999
11.6964,55.8512,-16.9999
13.2025,55.8486,-16.9999
14.7087,55.8465,-16.9999
16.2151,55.8447,-16.9999
17.7216,55.8433,-16.9999
19.2283,55.8423,-16.9999
20.7352,55.8415,-16.9999
22.2422,55.841,-17
23.7493,55.8407,-17
25.2566,55.8406,-17
26.764,55.8407,-17
28.2716,55.841,-17
29.7792,55.8413,-17
31.287,55.8418,-17
32.7948,55.8423,-17
34.3028,55.8429,-17
35.8108,55.8435,-17
37.3188,55.8442,-17
38.8269,55.8449,-17
40.335,55.8456,-17
41.8431,55.8462,-17
43.3512,55.8469,-17
44.8593,55.8475,-17
46.3674,55.848,-17
47.8755,55.8485,-17
49.3835,55.849,-17
50.8915,55.8493,-17
52.3994,55.8496,-17
53.9073,55.8498,-17
55.4152,55.85,-17
56.923,55.8502,-17
58.4307,55.8504,-17
59.9384,55.8507,-17
61.4461,55.851,-17
62.9537,55.8514,-17
64.4613,55.852,-17
65.9687,55.8528,-17
67.4762,55.8537,-17
68.9837,55.8549,-17
70.4915,55.8565,-17
72,55.8586,-17
73.5,55.8586,-17
75,55.8586,-17
-74.25,57.1577,-17
-72.75,57.1577,-17
-71.25,57.1577,-17
-69.7588,57.2191,-16.9534
-68.2716,57.2804,-16.9175
-66.7885,57.3396,-16.8942
-65.3088,57.3947,-16.8811
-63.8321,57.4443,-16.8767
-62.3574,57.4874,-16.8797
-60.884,57.5235,-16.891
-59.4112,57.5527,-16.9117
-57.9384,57.5753,-16.9414
-56.4653,57.5917,-16.9779
-54.9912,57.6026,-17.0164
-53.5158,57.6086,-17.0505
-52.0386,57.6105,-17.0743
-50.5594,57.609,-17.0843
-49.0783,57.6049,-17.0808
-47.5953,57.5986,-17.0681
-46.1105,57.5904,-17.0522
-44.6237,57.5808,-17.0386
-43.1352,57.57,-17.0303
-41.6451,57.5582,-17.0274
-40.1535,57.5457,-17.0276
-38.6606,57.5326,-17.0282
-37.1664,57.519,-17.0271
-35.6711,57.505,-17.0234
-34.1748,57.4907,-17.0177
-32.6776,57.476,-17.0109
-31.1794,57.461,-17.0044
-29.6804,57.4459,-16.9992
-28.1807,57.4306,-16.9958
-26.6802,57.4153,-16.9942
-25.1791,57.3999,-16.9941
-23.6774,57.3847,-16.995
-22.1751,57.3695,-16.9963
-20.6723,57.3547,-16.9977
-19.169,57.3401,-16.9989
-17.6653,57.3259,-16.9997
-16.1612,57.312,-17.0002
-14.6568,57.2987,-17.0004
-13.1522,57.2859,-17.0004
-11.6473,57.2736,-17.0004
-10.1422,57.2619,-17.0003
-8.63696,57.2507,-17.0003
-7.13157,57.2402,-17.0002
-5.62605,57.2303,-17.0002
-4.12044,57.2211,-17.0002
-2.61475,57.2124,-17.0002
-1.10898,57.2044,-17.0001
0.396859,57.197,-17.0001
1.90276,57.1902,-17.0001
3.40872,57.184,-17
4.91476,57.1783,-17
6.42086,57.1732,-17
7.92704,57.1687,-16.9999
9.43331,57.1646,-16.9999
10.9397,57.161,-16.9999
12.4461,57.1579,-16.9999
13.9527,57.1552,-16.9999
15.4594,57.153,-16.9999
16.9662,57.1511,-16.9999
18.4732,57.1495,-16.9999
19.9803,57.1482,-17
21.4875,57.1472,-17
22.9948,57.1465,-17
24.5023,57.146,-17
26.0099,57.1457,-17
27.5176,57.1455,-17
29.0254,57.1455,-17
30.5333,57.1456,-17
32.0413,57.1458,-17
33.5494,57.1461,-17
35.0575,57.1465,-17
36.5657,57.1469,-17
38.0739,57.1474,-17
39.5821,57.1478,-17
41.0903,57.1483,-17
42.5986,57.1488,-17
44.1068,57.1492,-17
45.615,57.1496,-17
47.1232,57.15,-17
48.6313,57.1503,-17
50.1394,57.1505,-17
51.6474,57.1507,-17
53.1553,57.1508,-17
54.6632,57.1508,-17
56.171,57.1508,-17
57.6787,57.1507,-17
59.1864,57.1508,-17
60.6941,57.1509,-17
62.2016,57.1511,-17
63.709,57.1515,-17
65.2163,57.152,-17
66.7235,57.1527,-17
68.2307,57.1536,-17
69.7378,57.1549,-17
71.2445,57.1566,-17
72.75,57.1577,-17
74.25,57.1577,-17
75.75,57.1577,-17
-75,58.4567,-17
-73.5,58.4567,-17
-72,58.4567,-17
-70.5053,58.4903,-16.9581
-69.0173,58.558,-16.9066
-67.5342,58.6238,-16.8589
-66.0549,58.6861,-16.8308
-64.5788,58.7428,-16.8182
-63.1053,58.7926,-16.8186
-61.6336,58.8346,-16.8321
-60.1629,58.8688,-16.8594
-58.6926,58.8955,-16.9005
-57.2222,58.9151,-16.9525
-55.751,58.9281,-17.0093
-54.2784,58.9354,-17.0619
-52.8038,58.9378,-17.1013
-51.3268,58.9365,-17.1211
-49.8476,58.9322,-17.1201
-48.3663,58.9256,-17.1033
-46.8829,58.917,-17.0791
-45.3974,58.9069,-17.0565
-43.9098,58.8954,-17.0413
-42.4203,58.8831,-17.0349
-40.9291,58.87,-17.0347
-39.4364,58.8564,-17.0365
-37.9423,58.8423,-17.0367
-36.447,58.8279,-17.0334
-34.9505,58.8132,-17.0267
-33.453,58.7982,-17.0179
-31.9545,58.783,-17.0088
-30.4551,58.7676,-17.0011
-28.9549,58.752,-16.9956
-27.454,58.7364,-16.9926
-25.9523,58.7207,-16.9919
-24.4499,58.7051,-16.9927
-22.947,58.6896,-16.9944
-21.4435,58.6744,-16.9963
-19.9395,58.6594,-16.998
-18.4351,58.6448,-16.9992
-16.9303,58.6305,-17
-15.4252,58.6168,-17.0004
-13.9198,58.6035,-17.0005
-12.4141,58.5908,-17.0004
-10.9083,58.5786,-17.0003
-9.40229,58.567,-17.0002
-7.89616,58.556,-17.0001
-6.38992,58.5457,-17.0001
-4.88359,58.5359,-17
-3.37721,58.5268,-17
-1.87077,58.5183,-17
-0.364286,58.5104,-17
1.14223,58.5031,-17
2.64879,58.4964,-17
4.15538,58.4902,-17
5.66202,58.4846,-16.9999
7.1687,58.4796,-16.9999
8.67544,58.475,-16.9999
10.1822,58.4709,-16.9999
11.6891,58.4673,-16.9999
13.1961,58.4641,-16.9999
14.7031,58.4613,-16.9999
16.2103,58.4589,-17
17.7175,58.4568,-17
19.2249,58.4551,-17
20.7323,58.4536,-17
22.2399,58.4525,-17
23.7476,58.4515,-17
25.2554,58.4508,-17
26.7633,58.4502,-17
28.2713,58.4499,-17
29.7793,58.4496,-17
31.2875,58.4495,-17
32.7957,58.4495,-17
34.304,58.4496,-17
35.8123,58.4497,-17
37.3207,58.45,-17
38.8291,58.4502,-17
40.3375,58.4505,-17
41.8459,58.4508,-17
43.3542,58.4511,-17
44.8626,58.4513,-17
46.3709,58.4515,-17
47.8792,58.4517,-17
49.3874,58.4518,-17
50.8955,58.4519,-17
52.4035,58.4518,-17
53.9114,58.4517,-17
55.4193,58.4515,-17
56.927,58.4513,-17
58.4347,58.451,-17
59.9423,58.4509,-17
61.4498,58.4509,-17
62.9572,58.451,-17
64.4644,58.4514,-17
65.9714,58.4519,-17
67.4783,58.4526,-17
68.9851,58.4535,-17
70.4922,58.4548,-17
72,58.4567,-17
73.5,58.4567,-17
75,58.4567,-17
-74.25,59.7558,-17
-72.75,59.7558,-17
-71.25,59.7558,-17
-69.7624,59.8299,-16.9113
-68.2794,59.9029,-16.8367
-66.8003,59.9726,-16.783
-65.3247,60.0369,-16.7521
-63.8521,60.0941,-16.7437
-62.3817,60.1431,-16.7556
-60.9127,60.1833,-16.7881
-59.4448,60.2149,-16.841
-57.9773,60.2384,-16.9109
-56.5095,60.2541,-16.9903
-55.0403,60.263,-17.0674
-53.5687,60.2661,-17.129
-52.0943,60.2648,-17.1645
-50.6173,60.2604,-17.1702
-49.1379,60.2534,-17.1504
-47.6563,60.2443,-17.1164
-46.1723,60.2335,-17.0816
-44.6858,60.2213,-17.0561
-43.1971,60.2081,-17.0438
-41.7064,60.1943,-17.0422
-40.214,60.1799,-17.0456
-38.72,60.1653,-17.048
-37.2246,60.1504,-17.0459
-35.728,60.1353,-17.0387
-34.2302,60.1199,-17.0278
-32.7313,60.1044,-17.0156
-31.2315,60.0887,-17.0046
-29.7308,60.0728,-16.9963
-28.2293,60.0569,-16.9913
-26.727,60.0409,-16.9894
-25.224,60.025,-16.9899
-23.7204,60.0092,-16.9919
-22.2162,59.9936,-16.9944
-20.7115,59.9782,-16.9968
-19.2063,59.9632,-16.9986
-17.7007,59.9485,-16.9998
-16.1948,59.9343,-17.0005
-14.6886,59.9207,-17.0007
-13.1822,59.9075,-17.0006
-11.6755,59.8949,-17.0004
-10.1687,59.8829,-17.0002
-8.66182,59.8715,-17.0001
-7.15482,59.8607,-17
-5.64775,59.8505,-17
-4.14064,59.8409,-17
-2.63351,59.832,-17
-1.12635,59.8236,-17
0.380818,59.8158,-17
1.88799,59.8087,-17
3.39518,59.802,-16.9999
4.90237,59.7959,-16.9999
6.40959,59.7904,-16.9999
7.91683,59.7853,-16.9999
9.4241,59.7808,-16.9999
10.9314,59.7766,-16.9999
12.4388,59.773,-17
13.9462,59.7697,-17
15.4537,59.7668,-17
16.9613,59.7643,-17
18.4689,59.762,-17
19.9767,59.7601,-17
21.4845,59.7585,-17
22.9924,59.7572,-17
24.5004,59.756,-17
26.0085,59.7551,-17
27.5167,59.7543,-17
29.025,59.7537,-17
30.5333,59.7533,-17
32.0417,59.753,-17
33.5502,59.7528,-17
35.0587,59.7527,-17
36.5672,59.7526,-17
38.0758,59.7527,-17
39.5844,59.7527,-17
41.093,59.7528,-17
42.6015,59.753,-17
44.1101,59.7531,-17
45.6186,59.7532,-17
47.127,59.7532,-17
48.6354,59.7532,-17
50.1436,59.7531,-17
51.6518,59.753,-17
53.1599,59.7527,-17
54.6678,59.7524,-17
56.1756,59.752,-17
57.6833,59.7515,-17
59.191,59.7511,-17
60.6985,59.7508,-17
62.2058,59.7507,-17
63.7129,59.7509,-17
65.2198,59.7513,-17
66.7264,59.7518,-17
68.2328,59.7525,-17
69.7391,59.7534,-17
71.2451,59.7548,-17
72.75,59.7558,-17
74.25,59.7558,-17
75.75,59.7558,-17
-75,61.0548,-17
-73.5,61.0548,-17
-72,61.0548,-17
-70.5071,61.0954,-16.9376
-69.0234,61.1763,-16.8455
-67.5452,61.2539,-16.7531
-66.0702,61.3263,-16.6923
-64.598,61.3915,-16.6633
-63.1283,61.4481,-16.6656
-61.6607,61.4953,-16.6984
-60.1948,61.5329,-16.761
-58.7301,61.5612,-16.8495
-57.266,61.5804,-16.9548
-55.8008,61.5913,-17.0618
-54.3331,61.5953,-17.1528
-52.8618,61.5941,-17.2116
-51.387,61.5893,-17.2298
-49.9097,61.582,-17.2101
-48.4301,61.5724,-17.1658
-46.9481,61.5607,-17.1155
-45.4632,61.5475,-17.0755
-43.9755,61.5334,-17.0539
-42.4854,61.5186,-17.0495
-40.9934,61.5034,-17.0545
-39.4996,61.4879,-17.0604
-38.0042,61.4724,-17.0608
-36.5073,61.4568,-17.0539
-35.0092,61.441,-17.041
-33.51,61.4252,-17.0254
-32.0098,61.4092,-17.0103
-30.5085,61.393,-16.9983
-29.0064,61.3768,-16.9904
-27.5034,61.3605,-16.9869
-25.9997,61.3443,-16.9867
-24.4953,61.3281,-16.9889
-22.9904,61.3121,-16.992
-21.4848,61.2964,-16.9952
-19.9788,61.281,-16.9979
-18.4724,61.266,-16.9997
-16.9657,61.2514,-17.0007
-15.4587,61.2373,-17.001
-13.9514,61.2237,-17.001
-12.4439,61.2107,-17.0007
-10.9363,61.1983,-17.0004
-9.42856,61.1865,-17.0002
-7.92076,61.1753,-17
-6.41292,61.1647,-16.9999
-4.90506,61.1547,-16.9999
-3.39719,61.1453,-16.9999
-1.88933,61.1365,-16.9999
-0.381482,61.1283,-16.9999
1.12634,61.1207,-16.9999
2.63414,61.1136,-16.9999
4.14193,61.1071,-16.9999
5.6497,61.1011,-17
7.15747,61.0956,-17
8.66523,61.0905,-17
10.173,61.086,-17
11.6808,61.0818,-17
13.1887,61.0781,-17
14.6965,61.0747,-17
16.2045,61.0717,-17
17.7124,61.0691,-17
19.2205,61.0667,-17
20.7286,61.0647,-17
22.2368,61.0629,-17
23.7451,61.0614,-17
25.2534,61.06,-17
26.7618,61.0589,-17
28.2703,61.058,-17
29.7789,61.0572,-17
31.2875,61.0566,-17
32.7961,61.0561,-17
34.3048,61.0557,-17
35.8136,61.0554,-17
37.3223,61.0552,-17
38.8311,61.055,-17
40.3399,61.055,-17
41.8487,61.0549,-17
43.3575,61.0549,-17
44.8662,61.0548,-17
46.3748,61.0548,-17
47.8834,61.0547,-17
49.3919,61.0545,-17
50.9003,61.0542,-17
52.4085,61.0539,-17
53.9166,61.0534,-17
55.4246,61.0529,-17
56.9323,61.0522,-17
58.44,61.0515,-17
59.9475,61.0509,-17
61.4549,61.0505,-17
62.962,61.0505,-17
64.4689,61.0508,-17
65.9753,61.0513,-17
67.4814,61.0519,-17
68.9872,61.0525,-17
70.4932,61.0533,-17
72,61.0548,-17
73.5,61.0548,-17
75,61.0548,-17
-74.25,62.3538,-17
-72.75,62.3538,-17
-71.25,62.3538,-17
-69.7661,62.4428,-16.8818
-68.2885,62.5296,-16.7616
-66.8149,62.6109,-16.6593
-65.3435,62.6846,-16.5942
-63.8741,62.7493,-16.5732
-62.4069,62.8042,-16.5962
-60.9423,62.8488,-16.6623
-59.4801,62.8828,-16.7667
-58.0198,62.9064,-16.8988
-56.5595,62.9201,-17.0401
-55.0964,62.9252,-17.1673
-53.6289,62.9242,-17.2577
-52.1567,62.9191,-17.2961
-50.6814,62.9114,-17.2816
-49.2041,62.9012,-17.2281
-47.7245,62.8887,-17.1596
-46.2416,62.8743,-17.1004
-44.7553,62.8589,-17.0651
-43.266,62.8429,-17.0554
-41.7745,62.8266,-17.0622
-40.281,62.8102,-17.073
-38.7856,62.7938,-17.0779
-37.2886,62.7776,-17.0726
-35.7903,62.7614,-17.0582
-34.2907,62.7452,-17.0387
-32.7899,62.7289,-17.0188
-31.2881,62.7124,-17.0021
-29.7853,62.6959,-16.9905
-28.2816,62.6794,-16.9845
-26.7771,62.6628,-16.9833
-25.2719,62.6464,-16.9853
-23.7661,62.6301,-16.9891
-22.2597,62.614,-16.9933
-20.7528,62.5982,-16.9969
-19.2456,62.5828,-16.9995
-17.7379,62.5679,-17.001
-16.23,62.5534,-17.0016
-14.7218,62.5394,-17.0016
-13.2134,62.526,-17.0012
-11.705,62.5132,-17.0008
-10.1964,62.501,-17.0004
-8.68774,62.4894,-17.0001
-7.17909,62.4784,-17
-5.67044,62.4681,-16.9999
-4.16181,62.4583,-16.9999
-2.65321,62.4491,-16.9999
-1.14466,62.4405,-16.9999
0.363841,62.4325,-16.9999
1.87229,62.425,-17
3.38069,62.4181,-17
4.88905,62.4116,-17
6.39736,62.4057,-17
7.90565,62.4002,-17
9.41393,62.3952,-17
10.9222,62.3906,-17
12.4305,62.3865,-17
13.9387,62.3827,-17
15.4471,62.3793,-17
16.9554,62.3762,-17
18.4638,62.3734,-17
19.9722,62.3709,-17
21.4807,62.3687,-17
22.9892,62.3668,-17
24.4978,62.3651,-17
26.0065,62.3636,-17
27.5152,62.3623,-17
29.024,62.3612,-17
30.5328,62.3603,-17
32.0417,62.3595,-17
33.5506,62.3588,-17
35.0596,62.3582,-17
36.5686,62.3578,-17
38.0776,62.3574,-17
39.5866,62.3571,-17
41.0956,62.3569,-17
42.6047,62.3567,-17
44.1136,62.3565,-17
45.6225,62.3563,-17
47.1314,62.3561,-17
48.6402,62.3558,-17
50.1488,62.3555,-17
51.6573,62.3551,-17
53.1656,62.3545,-17
54.6738,62.3539,-17
56.1817,62.3531,-17
57.6895,62.3522,-17
59.197,62.3512,-17
60.7044,62.3505,-17
62.2116,62.3501,-17
63.7185,62.3502,-17
65.225,62.3507,-17
66.7308,62.3514,-17
68.236,62.3521,-17
69.741,62.3525,-17
71.2458,62.3532,-17
72.75,62.3538,-17
74.25,62.3538,-17
75.75,62.3538,-17
-75,63.6529,-17
-73.5,63.6529,-17
-72,63.6529,-17
-70.5078,63.7015,-16.9414
-69.0289,63.7984,-16.8169
-67.5578,63.8902,-16.6733
-66.0886,63.9733,-16.5606
-64.6199,64.0465,-16.4979
-63.1524,64.1095,-16.4945
-61.6877,64.1618,-16.5515
-60.2271,64.2026,-16.6642
-58.7703,64.2316,-16.8202
-57.3152,64.2489,-16.9975
-55.858,64.2558,-17.1667
-54.3953,64.255,-17.2969
-52.9262,64.2497,-17.3646
-51.4528,64.2415,-17.3625
-49.9777,64.2309,-17.3029
-48.5009,64.2175,-17.2147
-47.0208,64.2018,-17.1312
-45.5363,64.1848,-17.0769
-44.0482,64.1674,-17.0586
-42.5574,64.1498,-17.0669
-41.0643,64.1321,-17.0845
-39.5691,64.1147,-17.0962
-38.072,64.0976,-17.0945
-36.5733,64.0809,-17.0795
-35.0733,64.0643,-17.0561
-33.5721,64.0476,-17.0306
-32.0696,64.0309,-17.0082
-30.5661,64.0141,-16.992
-29.0616,63.9973,-16.9827
-27.5563,63.9805,-16.9798
-26.0502,63.9638,-16.9815
-24.5435,63.9472,-16.9859
-23.0361,63.9308,-16.9911
-21.5283,63.9147,-16.9958
-20.0201,63.8989,-16.9994
-18.5115,63.8836,-17.0015
-17.0026,63.8688,-17.0024
-15.4934,63.8545,-17.0025
-13.9842,63.8407,-17.002
-12.4747,63.8276,-17.0014
-10.9653,63.815,-17.0008
-9.45576,63.8031,-17.0004
-7.94626,63.7917,-17.0001
-6.43678,63.781,-17
-4.92735,63.7709,-16.9999
-3.41799,63.7613,-16.9999
-1.9087,63.7524,-16.9999
-0.399498,63.744,-16.9999
1.10962,63.7361,-17
2.61866,63.7288,-17
4.12763,63.722,-17
5.63653,63.7157,-17
7.14536,63.7098,-17
8.65415,63.7044,-17
10.1629,63.6994,-17
11.6716,63.6948,-17
13.1803,63.6906,-17
14.6891,63.6868,-17
16.1978,63.6833,-17
17.7065,63.6801,-17
19.2153,63.6772,-17
20.7241,63.6746,-17
22.2329,63.6723,-17
23.7418,63.6702,-17
25.2508,63.6684,-17
26.7597,63.6667,-17
28.2688,63.6653,-17
29.7778,63.664,-17
31.287,63.6629,-17
32.7961,63.662,-17
34.3053,63.6611,-17
35.8146,63.6604,-17
37.3238,63.6598,-17
38.8331,63.6593,-17
40.3424,63.6588,-17
41.8516,63.6585,-17
43.3609,63.6581,-17
44.8701,63.6578,-17
46.3793,63.6575,-17
47.8883,63.6572,-17
49.3973,63.6568,-17
50.9062,63.6563,-17
52.4148,63.6557,-17
53.9233,63.655,-17
55.4316,63.6541,-17
56.9395,63.653,-17
58.4472,63.6518,-17
59.9546,63.6506,-17
61.4618,63.6497,-17
62.9688,63.6494,-17
64.4753,63.6499,-17
65.9811,63.651,-17.0001
67.4861,63.652,-17.0001
68.9904,63.6525,-17.0002
70.4947,63.6525,-17.0001
72,63.6529,-17
73.5,63.6529,-17
75,63.6529,-17
-74.25,64.9519,-17
-72.75,64.9519,-17
-71.25,64.9519,-17
-69.768,65.0585,-16.8959
-68.297,65.1624,-16.7448
-66.8317,65.2571,-16.5849
-65.3656,65.3399,-16.4658
-63.8982,65.4113,-16.4148
-62.4324,65.4715,-16.4428
-60.9714,65.5199,-16.5489
-59.5168,65.5552,-16.72
-58.067,65.5771,-16.9308
-56.6168,65.5864,-17.1451
-55.1603,65.5864,-17.3227
-53.6951,65.5808,-17.4295
-52.2236,65.5724,-17.4487
-50.7504,65.5615,-17.3885
-49.2767,65.5473,-17.2805
-47.8001,65.5301,-17.1682
-46.3183,65.5112,-17.0884
-44.8317,65.492,-17.057
-43.3418,65.4728,-17.0658
-41.8494,65.4537,-17.0925
-40.3545,65.4349,-17.1147
-38.8574,65.4168,-17.1195
-37.3584,65.3993,-17.1053
-35.858,65.3823,-17.0782
-34.3563,65.3653,-17.0465
-32.8532,65.3483,-17.0174
-31.349,65.3313,-16.9953
-29.8436,65.3142,-16.9819
-28.3373,65.2972,-16.9767
-26.8302,65.2802,-16.9777
-25.3225,65.2634,-16.9824
-23.8142,65.2467,-16.9887
-22.3053,65.2303,-16.9947
-20.796,65.2143,-16.9994
-19.2864,65.1986,-17.0024
-17.7765,65.1835,-17.0037
-16.2663,65.1689,-17.0038
-14.7561,65.1548,-17.0032
-13.2457,65.1413,-17.0023
-11.7352,65.1284,-17.0015
-10.2248,65.1162,-17.0008
-8.71442,65.1045,-17.0003
-7.20408,65.0935,-17
-5.69382,65.083,-16.9999
-4.18366,65.0732,-16.9999
-2.6736,65.0639,-16.9999
-1.16367,65.0552,-16.9999
0.346156,65.047,-17
1.85586,65.0393,-17
3.36546,65.0322,-17
4.87496,65.0255,-17
6.38437,65.0192,-17
7.8937,65.0134,-17
9.40296,65.0081,-17
10.9122,65.0031,-17
12.4213,64.9985,-17
13.9305,64.9943,-17
15.4396,64.9904,-17
16.9487,64.9868,-17
18.4579,64.9836,-17
19.967,64.9806,-17
21.4762,64.9779,-17
22.9854,64.9754,-17
24.4946,64.9732,-17
26.0038,64.9712,-17
27.5131,64.9694,-17
29.0225,64.9678,-17
30.5318,64.9664,-17
32.0413,64.9652,-17
33.5507,64.9641,-17
35.0602,64.9631,-17
36.5697,64.9622,-17
38.0792,64.9615,-17
39.5888,64.9608,-17
41.0983,64.9602,-17
42.6079,64.9597,-17
44.1174,64.9593,-17
45.6269,64.9588,-17
47.1364,64.9584,-17
48.6457,64.9579,-17
50.155,64.9574,-17
51.6641,64.9568,-17
53.173,64.956,-17
54.6817,64.9551,-17
56.1901,64.9541,-17
57.698,64.9527,-17
59.2055,64.9511,-17
60.7128,64.9496,-17
62.2198,64.9487,-16.9999
63.7264,64.9489,-17
65.2323,64.95,-17.0001
66.7373,64.9518,-17.0003
68.2412,64.9532,-17.0006
69.744,64.9532,-17.0005
71.2469,64.9522,-17.0002
72.75,64.9519,-17
74.25,64.9519,-17
75.75,64.9519,-17
-75,66.2509,-17
-73.5,66.2509,-17
-72,66.2509,-17
-70.508,66.3092,-16.9754
-69.0338,66.4258,-16.8514
-67.5711,66.5341,-16.6739
-66.1097,66.6282,-16.5004
-64.6448,66.7092,-16.3841
-63.1779,66.7779,-16.3586
-61.7145,66.8341,-16.4348
-60.2597,66.8766,-16.6042
-58.8139,66.904,-16.8397
-57.3713,66.9168,-17.0982
-55.9229,66.9179,-17.3286
-54.4629,66.9123,-17.4838
-52.9935,66.9037,-17.5346
-51.5215,66.8928,-17.4811
-50.0509,66.8781,-17.3553
-48.5789,66.8592,-17.2104
-47.1008,66.8381,-17.0984
-45.6161,66.8169,-17.0482
-44.1273,66.7959,-17.0559
-42.6359,66.775,-17.0944
-41.1418,66.7545,-17.1316
-39.6448,66.735,-17.1469
-38.1456,66.7166,-17.1359
-36.6448,66.699,-17.1055
-35.1426,66.6816,-17.0669
-33.6389,66.6644,-17.0302
-32.1338,66.6471,-17.0013
-30.6276,66.6299,-16.9829
-29.1203,66.6127,-16.9746
-27.6121,66.5955,-16.9743
-26.1033,66.5785,-16.9793
-24.5938,66.5616,-16.9866
-23.0839,66.5449,-16.9939
-21.5735,66.5286,-16.9999
-20.0627,66.5128,-17.0037
-18.5517,66.4973,-17.0055
-17.0405,66.4824,-17.0057
-15.5291,66.4681,-17.0049
-14.0177,66.4543,-17.0037
-12.5063,66.4412,-17.0024
-10.9949,66.4286,-17.0014
-9.48357,66.4167,-17.0006
-7.97232,66.4054,-17.0002
-6.46119,66.3946,-17
-4.9502,66.3845,-16.9999
-3.43935,66.375,-16.9999
-1.92865,66.3659,-16.9999
-0.418099,66.3575,-17
1.0923,66.3495,-17
2.60256,66.342,-17
4.11268,66.335,-17
5.62268,66.3285,-17
7.13257,66.3223,-17
8.64236,66.3166,-17
10.1521,66.3113,-17
11.6617,66.3063,-17
13.1713,66.3017,-17
14.6809,66.2975,-17
16.1904,66.2935,-17
17.6999,66.2899,-17
19.2094,66.2866,-17
20.7189,66.2835,-17
22.2284,66.2807,-17
23.7379,66.2781,-17
25.2475,66.2758,-17
26.7571,66.2736,-17
28.2667,66.2717,-17
29.7763,66.27,-17
31.286,66.2684,-17
32.7957,66.267,-17
34.3055,66.2658,-17
35.8152,66.2647,-17
37.325,66.2637,-17
38.8349,66.2628,-17
40.3447,66.262,-17
41.8546,66.2613,-17
43.3644,66.2607,-17
44.8743,66.2601,-17
46.3841,66.2595,-17
47.8939,66.259,-17
49.4037,66.2584,-17
50.9133,66.2577,-17
52.4228,66.2569,-17
53.932,66.2559,-17
55.4411,66.2549,-17
56.9497,66.2538,-17
58.4575,66.2521,-17
59.9649,66.25,-17
61.472,66.2482,-16.9999
62.9783,66.2478,-16.9999
64.484,66.2485,-17
65.9893,66.2507,-17.0004
67.4935,66.2535,-17.0011
68.996,66.2553,-17.0016
70.4972,66.2538,-17.0012
72,66.2509,-17
73.5,66.2509,-17
75,66.2509,-17
-74.25,67.55,-17
-72.75,67.55,-17
-71.25,67.55,-17
-69.7719,67.6802,-16.9513
-68.3084,67.8033,-16.8049
-66.8502,67.9091,-16.6061
-65.3904,68.0013,-16.4265
-63.9251,68.0799,-16.3269
-62.4588,68.1449,-16.3444
-61.0005,68.1952,-16.4856
-59.5557,68.2291,-16.7274
-58.12,68.2461,-17.0223
-56.6813,68.2491,-17.3076
-55.2289,68.2437,-17.5203
-53.7622,68.2351,-17.6145
-52.2907,68.2246,-17.5775
-50.8226,68.2097,-17.438
-49.356,68.1892,-17.2573
-47.8831,68.1655,-17.1052
-46.401,68.1419,-17.0288
-44.9135,68.119,-17.0331
-43.4235,68.0961,-17.0865
-41.9306,68.0734,-17.1452
-40.4341,68.0521,-17.177
-38.9347,68.0326,-17.1724
-37.4336,68.0142,-17.1396
-35.9309,67.9965,-17.0936
-34.4267,67.9789,-17.0478
-32.9208,67.9615,-17.011
-31.4136,67.9442,-16.9865
-29.9052,67.9268,-16.9744
-28.3959,67.9095,-16.9723
-26.8858,67.8923,-16.977
-25.3752,67.8753,-16.9851
-23.864,67.8585,-16.9937
-22.3524,67.842,-17.0009
-20.8405,67.8259,-17.0058
-19.3283,67.8102,-17.0081
-17.8159,67.7951,-17.0084
-16.3034,67.7805,-17.0074
-14.7909,67.7665,-17.0056
-13.2784,67.7531,-17.0038
-11.766,67.7404,-17.0023
-10.2537,67.7282,-17.0012
-8.74149,67.7167,-17.0005
-7.22946,67.7057,-17.0001
-5.71759,67.6954,-16.9999
-4.20592,67.6856,-16.9999
-2.69443,67.6763,-16.9999
-1.18313,67.6676,-16.9999
0.327988,67.6594,-17
1.83892,67.6516,-17
3.34969,67.6443,-17
4.8603,67.6375,-17
6.37077,67.631,-17
7.88112,67.625,-17
9.39135,67.6193,-17
10.9015,67.614,-17
12.4115,67.6091,-17
13.9215,67.6045,-17
15.4315,67.6002,-17
16.9414,67.5962,-17
18.4513,67.5925,-17
19.9611,67.5891,-17
21.471,67.5859,-17
22.9808,67.583,-17
24.4907,67.5803,-17
26.0006,67.5779,-17
27.5105,67.5756,-17
29.0204,67.5736,-17
30.5304,67.5717,-17
32.0404,67.57,-17
33.5504,67.5685,-17
35.0604,67.5671,-17
36.5705,67.5659,-17
38.0806,67.5648,-17
39.5907,67.5637,-17
41.1009,67.5628,-17
42.6111,67.562,-17
44.1213,67.5613,-17
45.6316,67.5606,-17
47.1418,67.5599,-17
48.6521,67.5592,-17
50.1623,67.5585,-17
51.6724,67.5576,-17
53.1823,67.5566,-17
54.6921,67.5554,-17
56.2017,67.5542,-17
57.7109,67.5535,-17
59.2185,67.5511,-17
60.726,67.5479,-16.9999
62.2319,67.547,-16.9999
63.7368,67.5472,-16.9999
65.2414,67.5485,-17.0002
66.7462,67.5523,-17.0012
68.2495,67.5567,-17.003
69.7504,67.5587,-17.0034
71.2487,67.5532,-17.002
72.75,67.55,-17
74.25,67.55,-17
75.75,67.55,-17
-75,68.849,-17
-73.5,68.849,-17
-72,68.849,-17
-70.5127,68.9239,-17.0108
-69.0511,69.068,-16.927
-67.5894,69.1817,-16.7572
-66.1327,69.2846,-16.5444
-64.6725,69.3752,-16.3701
-63.2059,69.4509,-16.3053
-61.7423,69.5104,-16.3863
-60.294,69.5518,-16.6066
-58.8623,69.574,-16.921
-57.4342,69.5792,-17.2568
-55.9918,69.5742,-17.5326
-54.5293,69.5659,-17.681
-53.0577,69.5562,-17.6708
-51.5912,69.5417,-17.5228
-50.1307,69.5196,-17.3055
-48.6644,69.4929,-17.108
-47.1857,69.4667,-16.9993
-45.6995,69.4421,-16.9974
-44.2114,69.4172,-17.0684
-42.7206,69.3918,-17.1547
-41.2251,69.3681,-17.2095
-39.7257,69.347,-17.2156
-38.2243,69.3278,-17.1817
-36.7213,69.3096,-17.1276
-35.2165,69.2917,-17.0717
-33.7099,69.2741,-17.0257
-32.2016,69.2567,-16.9942
-30.692,69.2393,-16.9774
-29.1815,69.222,-16.9728
-27.6701,69.2048,-16.9767
-26.1582,69.1876,-16.9851
-24.6457,69.1707,-16.9948
-23.1329,69.1541,-17.0031
-21.6196,69.1378,-17.0089
-20.1062,69.122,-17.0117
-18.5926,69.1067,-17.0121
-17.0789,69.092,-17.0106
-15.5652,69.0778,-17.0083
-14.0516,69.0643,-17.0058
-12.5381,69.0513,-17.0037
-11.0248,69.039,-17.002
-9.51158,69.0273,-17.0009
-7.9986,69.0162,-17.0003
-6.48583,69.0056,-17
-4.97329,68.9957,-16.9999
-3.46099,68.9862,-16.9999
-1.94891,68.9773,-16.9999
-0.437055,68.9688,-17
1.07458,68.9609,-17
2.58602,68.9533,-17
4.09726,68.9462,-17
5.60833,68.9395,-17
7.11924,68.9332,-17
8.63001,68.9272,-17
10.1407,68.9216,-17
11.6512,68.9164,-17
13.1616,68.9114,-17
14.672,68.9068,-17
16.1823,68.9025,-17
17.6926,68.8985,-17
19.2028,68.8947,-17
20.7131,68.8912,-17
22.2233,68.8879,-17
23.7335,68.8849,-17
25.2437,68.8821,-17
26.7539,68.8796,-17
28.2641,68.8772,-17
29.7743,68.875,-17
31.2846,68.8731,-17
32.7949,68.8712,-17
34.3052,68.8696,-17
35.8156,68.8681,-17
37.3259,68.8667,-17
38.8364,68.8655,-17
40.3468,68.8643,-17
41.8573,68.8633,-17
43.3679,68.8624,-17
44.8785,68.8615,-17
46.3892,68.8606,-17
47.9,68.8598,-17
49.4108,68.859,-17
50.9216,68.8581,-17
52.4324,68.857,-17
53.9431,68.8557,-17
55.4536,68.8541,-17
56.9641,68.8529,-17
58.4744,68.8536,-17
59.9834,68.8477,-17
61.4883,68.8469,-16.9999
62.9916,68.8469,-16.9999
64.4944,68.8473,-16.9998
65.9975,68.8486,-17.0006
67.5026,68.8552,-17.0033
69.0057,68.8617,-17.0066
70.506,68.8637,-17.008
72,68.849,-17
73.5,68.849,-17
75,68.849,-17
-74.25,70.1481,-17
-72.75,70.1481,-17
-71.25,70.1481,-17
-69.8042,70.3345,-16.9986
-68.3351,70.4492,-16.9023
-66.8721,70.5576,-16.7203
-65.4152,70.6595,-16.5079
-63.9543,70.749,-16.3544
-62.4882,70.8206,-16.3376
-61.0307,70.8716,-16.4887
-59.5946,70.9006,-16.7827
-58.1737,70.9097,-17.1487
-56.7457,70.9053,-17.4915
-55.2933,70.8958,-17.7178
-53.822,70.8862,-17.7654
-52.3534,70.8733,-17.6317
-50.8978,70.8511,-17.382
-49.4419,70.8209,-17.1237
-47.9695,70.7909,-16.9589
-46.4842,70.7647,-16.9341
-44.9975,70.7385,-17.0216
-43.5102,70.7102,-17.1482
-42.0173,70.6829,-17.2432
-40.5183,70.6595,-17.2726
-39.0165,70.6392,-17.2426
-37.5131,70.6206,-17.1797
-36.008,70.6025,-17.1105
-34.5008,70.5848,-17.0518
-32.9915,70.5673,-17.0104
-31.4808,70.55,-16.9866
-29.9689,70.5327,-16.9777
-28.4562,70.5155,-16.9793
-26.9429,70.4984,-16.9872
-25.4291,70.4814,-16.9974
-23.9148,70.4648,-17.0067
-22.4002,70.4484,-17.0134
-20.8854,70.4326,-17.0168
-19.3705,70.4172,-17.0172
-17.8556,70.4023,-17.0153
-16.3407,70.3881,-17.0123
-14.8259,70.3744,-17.0089
-13.3112,70.3614,-17.0058
-11.7968,70.349,-17.0034
-10.2826,70.3371,-17.0018
-8.76859,70.3259,-17.0007
-7.25489,70.3153,-17.0002
-5.74146,70.3052,-17
-4.2283,70.2956,-16.9999
-2.71542,70.2865,-16.9999
-1.20281,70.2779,-17
0.309552,70.2697,-17
1.82167,70.262,-17
3.33356,70.2547,-17
4.84524,70.2477,-17
6.35673,70.2412,-17
7.86806,70.235,-17
9.37923,70.2291,-17
10.8903,70.2235,-17
12.4012,70.2183,-17
13.912,70.2134,-17
15.4228,70.2087,-17
16.9334,70.2044,-17
18.4441,70.2003,-17
19.9547,70.1964,-17
21.4652,70.1929,-17
22.9758,70.1895,-17
24.4863,70.1864,-17
25.9968,70.1835,-17
27.5073,70.1809,-17
29.0179,70.1784,-17
30.5284,70.1761,-17
32.039,70.174,-17
33.5496,70.1721,-17
35.0602,70.1703,-17
36.5709,70.1687,-17
38.0816,70.1672,-17
39.5924,70.1658,-17
41.1032,70.1646,-17
42.6141,70.1634,-17
44.125,70.1623,-17
45.6361,70.1613,-17
47.1473,70.1603,-17
48.6586,70.1593,-17
50.1702,70.1582,-17
51.6819,70.1571,-17
53.1937,70.1557,-17
54.7055,70.1541,-17
56.2166,70.152,-17
57.7258,70.152,-17
59.25,70.1481,-17
60.75,70.1481,-17
62.25,70.1481,-17
63.75,70.1481,-17
65.25,70.1481,-17
66.75,70.1481,-17
68.2583,70.1601,-17.0072
69.7639,70.1674,-17.0131
71.2668,70.1716,-17.0169
72.7665,70.1749,-17.0178
74.264,70.1792,-17.0151
75.7591,70.1853,-17.0086
-74.9992,71.4936,-16.9992
-73.5126,71.5102,-16.9915
-72.035,71.5476,-16.9963
-70.5645,71.6187,-17.014
-69.0906,71.7159,-16.9982
-67.6175,71.8236,-16.8861
-66.1565,71.9326,-16.6851
-64.701,72.0358,-16.4758
-63.2384,72.1229,-16.3644
-61.7748,72.1866,-16.4246
-60.3297,72.2245,-16.6663
-58.9099,72.2382,-17.0355
-57.495,72.2343,-17.4309
-56.055,72.2237,-17.731
-54.5858,72.2145,-17.8363
-53.1154,72.2031,-17.716
-51.6651,72.1801,-17.4337
-50.2192,72.1464,-17.1207
-48.7522,72.1139,-16.9126
-47.2678,72.0872,-16.8782
-45.7834,72.0594,-16.99
-44.3006,72.0272,-17.1573
-42.8107,71.9959,-17.2881
-41.3124,71.97,-17.3364
-39.8103,71.9487,-17.308
-38.3068,71.9294,-17.2362
-36.8013,71.911,-17.1545
-35.2935,71.8931,-17.084
-33.7833,71.8757,-17.0333
-32.2713,71.8585,-17.0028
-30.7581,71.8414,-16.9892
-29.244,71.8243,-16.9881
-27.7293,71.8074,-16.9944
-26.214,71.7905,-17.004
-24.6983,71.7739,-17.0132
-23.1822,71.7576,-17.02
-21.666,71.7417,-17.0233
-20.1497,71.7263,-17.0233
-18.6334,71.7115,-17.0208
-17.1172,71.6972,-17.0168
-15.6011,71.6835,-17.0124
-14.0853,71.6705,-17.0084
-12.5697,71.658,-17.0051
-11.0544,71.6462,-17.0028
-9.53941,71.6349,-17.0013
-8.02473,71.6242,-17.0005
-6.51038,71.614,-17.0001
-4.99635,71.6044,-17
-3.48264,71.5952,-16.9999
-1.96924,71.5865,-17
-0.456145,71.5782,-17
1.05667,71.5703,-17
2.56923,71.5628,-17
4.08154,71.5557,-17
5.59363,71.5489,-17
7.10551,71.5425,-17
8.61722,71.5364,-17
10.1288,71.5306,-17
11.6402,71.525,-17
13.1515,71.5198,-17
14.6627,71.5149,-17
16.1738,71.5102,-17
17.6848,71.5058,-17
19.1958,71.5017,-17
20.7067,71.4978,-17
22.2176,71.4941,-17
23.7285,71.4907,-17
25.2393,71.4875,-17
26.7502,71.4845,-17
28.261,71.4817,-17
29.7719,71.4792,-17
31.2827,71.4768,-17
32.7936,71.4746,-17
34.3045,71.4725,-17
35.8155,71.4707,-17
37.3264,71.4689,-17
38.8375,71.4673,-17
40.3486,71.4658,-17
41.8597,71.4644,-17
43.371,71.4631,-17
44.8824,71.4618,-17
46.394,71.4606,-17
47.9057,71.4594,-17
49.4178,71.4582,-17
50.9302,71.4568,-17
52.4433,71.4552,-17
53.9571,71.4532,-17
55.472,71.4507,-17
56.9877,71.4473,-17
58.5,71.4471,-17
60,71.4471,-17
61.5,71.4471,-17
63,71.4471,-17
64.5,71.4471,-17
66,71.4471,-17
67.5067,71.4542,-17.0054
69.0137,71.4663,-17.0134
70.5186,71.4754,-17.0214
72.0202,71.4828,-17.0266
73.5183,71.49,-17.0276
75.0126,71.4985,-17.0234
-74.2473,72.8091,-17.0126
-72.7625,72.8269,-16.9954
-71.2844,72.8585,-16.9803
-69.8118,72.913,-16.9877
-68.3403,72.9917,-17.0149
-66.8665,73.0884,-16.9957
-65.3981,73.1964,-16.8701
-63.9425,73.3086,-16.6646
-62.4879,73.4123,-16.4845
-61.0255,73.4935,-16.4412
-59.571,73.5441,-16.5938
-58.144,73.5641,-16.9239
-56.7364,73.5612,-17.3411
-55.3115,73.5491,-17.7081
-53.848,73.5396,-17.8853
-52.374,73.5299,-17.7988
-50.9264,73.5065,-17.4956
-49.4925,73.4689,-17.1256
-48.0329,73.4342,-16.8634
-46.5481,73.4088,-16.8108
-45.0656,73.3804,-16.9483
-43.5896,73.3433,-17.1668
-42.1048,73.3065,-17.3456
-40.6075,73.2777,-17.4193
-39.105,73.2555,-17.3916
-37.6014,73.2357,-17.3056
-36.0961,73.2169,-17.2061
-34.5877,73.1988,-17.1209
-33.0766,73.1815,-17.0602
-31.5635,73.1645,-17.0235
-30.0489,73.1478,-17.0062
-28.5334,73.131,-17.0025
-27.0172,73.1143,-17.0071
-25.5004,73.0976,-17.0155
-23.9831,73.0812,-17.0238
-22.4656,73.065,-17.0298
-20.9479,73.0493,-17.0322
-19.4301,73.034,-17.0311
-17.9124,73.0192,-17.0273
-16.3948,73.005,-17.022
-14.8774,72.9914,-17.0162
-13.3603,72.9784,-17.011
-11.8435,72.966,-17.0068
-10.3271,72.9542,-17.0038
-8.81103,72.943,-17.0018
-7.29533,72.9323,-17.0007
-5.78002,72.9222,-17.0002
-4.26509,72.9125,-17
-2.75054,72.9033,-16.9999
-1.23634,72.8945,-17
0.277517,72.8862,-17
1.79105,72.8782,-17
3.30428,72.8706,-17
4.81723,72.8633,-17
6.32993,72.8564,-17
7.8424,72.8498,-17
9.35465,72.8434,-17
10.8667,72.8374,-17
12.3786,72.8316,-17
13.8904,72.8262,-17
15.402,72.8209,-17
16.9136,72.816,-17
18.425,72.8113,-17
19.9364,72.8068,-17
21.4477,72.8026,-17
22.959,72.7987,-17
24.4702,72.7949,-17
25.9814,72.7914,-17
27.4926,72.7882,-17
29.0037,72.7851,-17
30.5149,72.7822,-17
32.026,72.7796,-17
33.5372,72.7771,-17
35.0484,72.7748,-17
36.5596,72.7726,-17
38.0709,72.7706,-17
39.5822,72.7688,-17
41.0935,72.767,-17
42.605,72.7654,-17
44.1165,72.7639,-17
45.6281,72.7624,-17
47.1399,72.761,-17
48.6519,72.7595,-17
50.1642,72.7581,-17
51.6768,72.7565,-17
53.1899,72.7547,-17
54.7036,72.7526,-17
56.218,72.7501,-17
57.7334,72.7474,-17
59.25,72.7461,-17
60.75,72.7461,-17
62.25,72.7461,-17
63.75,72.7461,-17
65.25,72.7461,-17
66.75,72.7461,-17
68.26,72.761,-17.0096
69.7672,72.7743,-17.0196
71.2709,72.7858,-17.0289
72.7707,72.7967,-17.0355
74.2659,72.8081,-17.0373
75.756,72.8217,-17.0322
-75.0095,74.139,-17.0159
-73.5314,74.1664,-16.9856
-72.0584,74.209,-16.9591
-70.5875,74.2723,-16.98
-69.1172,74.3561,-17.0313
-67.6464,74.4561,-17.0117
-66.1848,74.5696,-16.8705
-64.7342,74.6864,-16.6728
-63.2793,74.7878,-16.5442
-61.8208,74.857,-16.5908
-60.3816,74.8879,-16.8414
-58.972,74.8872,-17.2396
-57.5611,74.8722,-17.6509
-56.1086,74.8608,-17.9
-54.6319,74.8524,-17.8638
-53.1843,74.8288,-17.554
-51.762,74.7871,-17.136
-50.3104,74.7512,-16.8243
-48.8248,74.7288,-16.7554
-47.3442,74.7004,-16.9197
-45.8768,74.6572,-17.1908
-44.399,74.6139,-17.4192
-42.9029,74.5824,-17.5184
-41.3998,74.5596,-17.4894
-39.8965,74.5395,-17.3857
-38.3915,74.5201,-17.265
-36.8831,74.5017,-17.1632
-35.3712,74.4844,-17.0923
-33.8569,74.4679,-17.0501
-32.3411,74.4516,-17.0296
-30.8242,74.4353,-17.0235
-29.3065,74.4189,-17.026
-27.7882,74.4026,-17.0322
-26.2694,74.3865,-17.0385
-24.7502,74.3706,-17.0425
-23.2309,74.3551,-17.043
-21.7116,74.34,-17.0401
-20.1924,74.3255,-17.0344
-18.6734,74.3114,-17.0274
-17.1546,74.298,-17.0201
-15.6362,74.2852,-17.0135
-14.1182,74.2729,-17.0083
-12.6006,74.2612,-17.0045
-11.0834,74.2501,-17.0021
-9.56666,74.2396,-17.0008
-8.05036,74.2295,-17.0001
-6.53451,74.2199,-16.9999
-5.01908,74.2107,-16.9999
-3.50406,74.202,-17
-1.98943,74.1936,-17
-0.475171,74.1856,-17
1.03875,74.178,-17
2.55235,74.1706,-17
4.06567,74.1636,-17
5.57872,74.1568,-17
7.09153,74.1503,-17
8.60413,74.1441,-17
10.1165,74.1381,-17
11.6288,74.1324,-17
13.1409,74.1269,-17
14.6529,74.1217,-17
16.1647,74.1167,-17
17.6765,74.112,-17
19.1882,74.1075,-17
20.6999,74.1032,-17
22.2115,74.0992,-17
23.723,74.0954,-17
25.2345,74.0918,-17
26.746,74.0884,-17
28.2575,74.0853,-17
29.769,74.0823,-17
31.2804,74.0796,-17
32.7919,74.077,-17
34.3034,74.0746,-17
35.8149,74.0724,-17
37.3265,74.0703,-17
38.8381,74.0683,-17
40.3497,74.0664,-17
41.8615,74.0647,-17
43.3733,74.063,-17
44.8853,74.0613,-17
46.3975,74.0597,-17
47.9099,74.058,-17
49.4226,74.0563,-17
50.9356,74.0544,-17
52.5,74.0452,-17
54,74.0452,-17
55.5,74.0452,-17
57,74.0452,-17
58.5,74.0452,-17
60,74.0452,-17
61.5,74.0452,-17
63,74.0452,-17
64.5,74.0452,-17
66,74.0452,-17
67.5,74.0452,-17
69,74.0452,-17
70.5,74.0452,-17
72,74.0452,-17
73.5,74.0452,-17
75,74.0452,-17
-74.25,75.3442,-17
-72.75,75.3442,-17
-71.25,75.3442,-17
-69.75,75.3442,-17
-68.25,75.3442,-17
-66.75,75.3442,-17
-65.25,75.3442,-17
-63.75,75.3442,-17
-62.25,75.3442,-17
-60.75,75.3442,-17
-59.25,75.3442,-17
-57.75,75.3442,-17
-56.25,75.3442,-17
-54.75,75.3442,-17
-53.25,75.3442,-17
-51.75,75.3442,-17
-50.25,75.3442,-17
-48.75,75.3442,-17
-47.25,75.3442,-17
-45.75,75.3442,-17
-44.25,75.3442,-17
-42.75,75.3442,-17
-41.25,75.3442,-17
-39.75,75.3442,-17
-38.25,75.3442,-17
-36.75,75.3442,-17
-35.25,75.3442,-17
-33.75,75.3442,-17
-32.25,75.3442,-17
-30.75,75.3442,-17
-29.25,75.3442,-17
-27.75,75.3442,-17
-26.25,75.3442,-17
-24.75,75.3442,-17
-23.25,75.3442,-17
-21.75,75.3442,-17
-20.25,75.3442,-17
-18.75,75.3442,-17
-17.25,75.3442,-17
-15.75,75.3442,-17
-14.25,75.3442,-17
-12.75,75.3442,-17
-11.25,75.3442,-17
-9.75,75.3442,-17
-8.25,75.3442,-17
-6.75,75.3442,-17
-5.25,75.3442,-17
-3.75,75.3442,-17
-2.25,75.3442,-17
-0.75,75.3442,-17
0.75,75.3442,-17
2.25,75.3442,-17
3.75,75.3442,-17
5.25,75.3442,-17
6.75,75.3442,-17
8.25,75.3442,-17
9.75,75.3442,-17
11.25,75.3442,-17
12.75,75.3442,-17
14.25,75.3442,-17
15.75,75.3442,-17
17.25,75.3442,-17
18.75,75.3442,-17
20.25,75.3442,-17
21.75,75.3442,-17
23.25,75.3442,-17
24.75,75.3442,-17
26.25,75.3442,-17
27.75,75.3442,-17
29.25,75.3442,-17
30.75,75.3442,-17
32.25,75.3442,-17
33.75,75.3442,-17
35.25,75.3442,-17
36.75,75.3442,-17
38.25,75.3442,-17
39.75,75.3442,-17
41.25,75.3442,-17
42.75,75.3442,-17
44.25,75.3442,-17
45.75,75.3442,-17
47.25,75.3442,-17
48.75,75.3442,-17
50.25,75.3442,-17
51.75,75.3442,-17
53.25,75.3442,-17
54.75,75.3442,-17
56.25,75.3442,-17
57.75,75.3442,-17
59.25,75.3442,-17
60.75,75.3442,-17
62.25,75.3442,-17
63.75,75.3442,-17
65.25,75.3442,-17
66.75,75.3442,-17
68.25,75.3442,-17
69.75,75.3442,-17
71.25,75.3442,-17
72.75,75.3442,-17
74.25,75.3442,-17
75.75,75.3442,-17
